IID	Sex	PC1	PC2	PC3	PC4	PC5	PC6	PC7	PC8	PC9	PC10
HG00096	1	-0.0114112	0.0269306	0.0108618	-0.0189618	0.00087999	-0.00156569	-0.0132816	-0.000620899	0.00127708	0.0053035
HG00099	2	-0.0114548	0.0269224	0.0109626	-0.0173603	0.00227063	-0.000629329	-0.0160007	4.45245e-05	-0.0053304	0.00857013
HG00100	2	-0.0112138	0.0271556	0.0107819	-0.0184512	0.000164625	0.000354521	-0.00623623	-0.00102524	-0.00214401	0.00671719
HG00111	2	-0.0113352	0.0268834	0.0102334	-0.0170537	0.00250692	-0.000404061	-0.0165969	-0.00283837	-0.00013541	0.00688654
HG00114	1	-0.011259	0.0265295	0.0109383	-0.0187175	0.0023245	-0.00151658	-0.0137264	-0.0023358	0.00329411	0.00875173
HG00117	1	-0.0116212	0.0267254	0.0106618	-0.0180441	0.00179012	-0.00110361	-0.0142973	-0.00230125	0.00247637	0.00686495
HG00120	2	-0.0114167	0.0271797	0.0108974	-0.019688	0.00263882	-0.000959545	-0.0143021	-0.000862738	-0.00816706	0.00722437
HG00125	2	-0.0112824	0.0268176	0.0110731	-0.0178783	0.00282033	-0.00155508	-0.0161072	-0.00304574	-0.000892957	0.0101961
HG00131	1	-0.0111511	0.0269016	0.00988297	-0.0187593	0.00126532	-0.000286007	-0.0106887	-0.000627811	-0.000464092	0.00598523
HG00139	1	-0.0112549	0.0271215	0.0109578	-0.0196238	0.00279704	-0.0011784	-0.00642641	-0.000370111	0.00171489	0.00587532
HG00141	1	-0.0115101	0.0271023	0.0109166	-0.0184262	0.000528243	-0.00101622	-0.0120598	-0.00194695	-0.00392862	0.00223143
HG00148	1	-0.0114022	0.0272516	0.010507	-0.019064	-0.0011142	0.000107389	-0.0104843	-1.50236e-05	0.00110277	0.00767812
HG00149	1	-0.0111926	0.0274961	0.0119844	-0.0195924	0.000888327	-0.00151683	-0.0113294	0.000131406	-0.00743544	0.00255169
HG00157	1	-0.0112495	0.0268379	0.0111243	-0.0197545	0.0017992	-0.00077113	-0.0124788	-0.000162523	0.000481079	0.00949601
HG00158	2	-0.011202	0.0264499	0.0111496	-0.0174255	0.000160889	-0.00192721	-0.0103509	9.59237e-05	-0.00255782	0.00494795
HG00171	2	-0.0123823	0.0222894	0.0124941	-0.0156355	0.0206271	-0.00635911	-0.0862258	-0.0269091	0.00369658	-0.0107031
HG00173	2	-0.0121949	0.022972	0.0122419	-0.0163024	0.0177936	-0.0047121	-0.0797878	-0.0245619	2.8196e-05	-0.00789062
HG00188	1	-0.0119341	0.0232244	0.0112542	-0.0164807	0.0191835	-0.00412623	-0.0716706	-0.0206735	0.00320801	-0.0076265
HG00190	1	-0.0118472	0.0234471	0.0104976	-0.0168603	0.0130367	-0.00399358	-0.064784	-0.0185662	0.000707578	-0.00476056
HG00235	2	-0.0112181	0.027106	0.010578	-0.0197136	-0.000294162	0.00103945	-0.00718224	-0.00130919	-0.00197993	0.00535398
HG00242	1	-0.0112193	0.0269134	0.0112496	-0.0182014	0.000626246	0.00138505	-0.00740762	-0.00188681	0.00396055	0.00377039
HG00243	1	-0.0114152	0.0272807	0.0102824	-0.0175889	0.00132929	-0.000707298	-0.00901837	-7.75998e-05	-0.00517234	0.00638122
HG00252	1	-0.011476	0.0265636	0.010678	-0.0194297	0.00110812	1.94075e-06	-0.00950919	9.17767e-05	-0.00295277	0.00476546
HG00254	2	-0.0111586	0.0269358	0.0102608	-0.0180592	-0.00332502	0.000208963	-0.00699642	-0.002879	-0.00333293	0.00678905
HG00255	2	-0.0112032	0.026938	0.0109256	-0.0182635	-0.00127948	-0.000448906	-0.00940144	-0.000496732	-5.68348e-05	0.00824044
HG00258	2	-0.0113828	0.0272529	0.0114797	-0.0198572	0.00141402	-0.0009436	-0.00788948	0.00135866	-0.00307912	0.00563635
HG00269	2	-0.0117778	0.0231649	0.0112168	-0.016099	0.0163366	-0.0039982	-0.0854868	-0.0251616	0.00379491	-0.00946073
HG00271	1	-0.0120576	0.021732	0.0111012	-0.0172067	0.0208865	-0.00545322	-0.0945141	-0.0270869	0.00947721	-0.0109917
HG00274	2	-0.0120877	0.0234016	0.0131372	-0.01756	0.0155573	-0.00392099	-0.0702924	-0.0217958	0.00143505	-0.00429687
HG00278	1	-0.0119979	0.022767	0.0109476	-0.0157736	0.0168245	-0.00298267	-0.0825497	-0.0257898	0.00687346	-0.0082363
HG00311	1	-0.0118853	0.0248126	0.0120076	-0.0177577	0.0121642	-0.00318449	-0.0554272	-0.0166518	0.000137867	-0.00315327
HG00313	2	-0.0121001	0.0222724	0.012	-0.0164526	0.018643	-0.00496101	-0.0807251	-0.0245069	0.00684839	-0.0120734
HG00315	2	-0.011956	0.0227366	0.0120842	-0.0158967	0.0163836	-0.00413787	-0.0738455	-0.022605	0.00781198	-0.0054686
HG00321	1	-0.012072	0.0223052	0.0115325	-0.0163548	0.0158254	-0.00463398	-0.0745019	-0.0230111	0.00593616	-0.00411848
HG00323	2	-0.0120347	0.0223206	0.0116502	-0.0171634	0.018509	-0.00579915	-0.0894118	-0.0271361	0.00473161	-0.00763826
HG00324	2	-0.0118759	0.0225652	0.0126567	-0.0166451	0.0196724	-0.00537914	-0.0908348	-0.0284363	0.00772998	-0.0101015
HG00325	1	-0.0123656	0.0214934	0.0125352	-0.0162772	0.0190427	-0.00642636	-0.0917562	-0.0255348	0.000603192	-0.0110917
HG00334	2	-0.0117566	0.0239671	0.0123143	-0.0173257	0.0141499	-0.00446704	-0.0678957	-0.0195019	0.000647672	-0.00500888
HG00336	1	-0.0120846	0.022142	0.0108799	-0.0169898	0.0210438	-0.00324517	-0.0743291	-0.0225947	0.00820403	-0.00997061
HG00338	1	-0.0116483	0.023442	0.0115016	-0.0175129	0.0179881	-0.004007	-0.0799004	-0.0233926	0.0031766	-0.00525402
HG00357	2	-0.0119847	0.0235636	0.0121128	-0.0179025	0.0176956	-0.00469776	-0.0711682	-0.0213504	0.00778681	-0.00868737
HG00360	1	-0.0118315	0.0238859	0.0105812	-0.0172232	0.014627	-0.00461122	-0.0695863	-0.0200691	0.00696618	-0.00803691
HG00365	2	-0.0119847	0.0225778	0.0117433	-0.0163857	0.0204276	-0.00497517	-0.0875254	-0.0272712	0.00266199	-0.00947317
HG00367	2	-0.012142	0.0224425	0.0122214	-0.0165281	0.0156807	-0.00406573	-0.06781	-0.0203045	0.00470845	-0.00487054
HG00368	2	-0.0120279	0.0221198	0.0119236	-0.0163843	0.022126	-0.00658665	-0.0978349	-0.0317083	0.0021778	-0.0125751
HG00409	1	-0.0155225	-0.0344707	0.00612686	-0.0145361	0.000245869	0.000399417	0.0024313	1.68e-05	-0.00612326	-0.000975514
HG00436	1	-0.0152936	-0.0347017	0.00566172	-0.0147347	-0.00322361	-0.000114263	0.00248193	-0.000406075	-0.00138746	0.000154487
HG00449	2	-0.0153202	-0.0344233	0.00504461	-0.0145456	0.000128095	-0.000929096	-0.000941913	-0.000190985	-0.00462636	-0.000638392
HG00464	2	-0.0153969	-0.0342835	0.00480546	-0.0145048	0.000993408	0.000217811	0.00104581	-0.00102413	-0.00241486	0.00523255
HG00479	2	-0.0154751	-0.0339507	0.00455393	-0.0149922	-0.000618734	-0.000314341	0.00166583	0.00189994	-0.00316195	-0.000960607
HG00513	2	-0.015335	-0.0346309	0.00454401	-0.0161005	-0.00253116	8.86911e-05	0.000154603	-0.00238098	-0.00279959	0.000799617
HG00551	2	-0.00754029	0.0184615	0.016764	-0.00254504	-0.00299807	0.00107897	0.028812	0.0047006	0.00186435	-0.0094437
HG00565	1	-0.0155224	-0.034615	0.0059639	-0.0155651	0.00280087	0.000401063	0.00290752	0.00158791	-0.00796676	0.00140645
HG00566	2	-0.0154241	-0.0347327	0.00550819	-0.0152602	0.00258928	0.000782679	0.00188026	0.000498394	-0.00586153	0.000678883
HG00583	1	-0.015562	-0.0346994	0.00446964	-0.0170315	-0.0122196	-0.000636467	-0.000202427	0.000409694	-0.00100981	0.00247171
HG00596	2	-0.015536	-0.0353586	0.00482161	-0.0151468	0.00510724	-0.0010247	0.00180255	0.00213372	-0.00288506	0.000426089
HG00607	1	-0.0154988	-0.0343258	0.00471186	-0.0153365	0.00191351	0.000261248	0.00322908	0.00159708	-0.00317312	0.000772669
HG00608	2	-0.0153766	-0.0345745	0.00606322	-0.0159237	0.00196277	-0.00147803	-0.000769064	0.000440317	-0.00917289	0.00053958
HG00619	1	-0.0154207	-0.0342978	0.00667949	-0.0156865	0.000524269	0.000945426	0.00148662	0.000850826	-0.00634768	-0.00117404
HG00622	1	-0.0154894	-0.0347063	0.00560467	-0.0160227	-0.000847357	-0.000698324	0.000946192	-0.000472227	-0.00967345	0.00311142
HG00632	2	-0.0155016	-0.0342064	0.00449701	-0.0153743	0.00381773	0.000663598	0.00284119	0.000774679	-0.00388793	0.00108693
HG00657	2	-0.0153081	-0.0343006	0.00470974	-0.0158024	-0.0116111	-0.000598794	-0.00245547	-0.000458981	-0.00360802	0.00418371
HG00684	2	-0.0152723	-0.0342124	0.00445678	-0.0155563	-0.0123415	-0.00119131	-0.000428087	-0.000182	-0.00457576	-0.00105131
HG00736	1	-0.00863199	0.0207243	0.0150841	-0.0066516	-0.00311745	-0.000280451	0.0228111	0.00277148	0.00406781	-0.00696972
HG00739	1	-0.00878421	0.0233208	0.0126877	-0.0111765	-0.00306357	0.00121109	0.00985748	0.00222116	-0.00235958	-0.00219545
HG00740	2	-0.00612508	0.0173271	0.0165326	-0.00117824	-0.00642445	0.000679252	0.0262734	0.00536608	0.00780006	-0.0076869
HG00766	2	-0.0150819	-0.0339017	0.00275331	-0.018244	-0.0521378	-0.00228413	-0.00989777	-0.00385909	0.001228	-0.00454897
HG00844	1	-0.015205	-0.0335918	0.00305499	-0.018164	-0.0527506	-0.000890163	-0.00756221	-0.00115039	-0.00182109	-0.00188189
HG00982	1	-0.0151031	-0.0345555	0.00240877	-0.0174043	-0.0491408	0.000719447	-0.00759441	-0.0025399	0.00334563	0.000472561
HG01047	1	-0.00727577	0.0206854	0.014017	-0.00793881	-0.00581994	0.00123219	0.0245213	0.00690596	0.0038549	-0.00372106
HG01058	2	-0.00598359	0.0167783	0.0159971	0.000148763	-0.00598508	-0.000405948	0.0203865	0.00612773	0.00888333	-0.00739523
HG01060	1	-0.00741393	0.0193533	0.015192	-0.00554257	-0.00306329	0.00134738	0.0261368	0.0062851	0.00312737	-0.0145138
HG01072	1	-0.00742229	0.0193236	0.0169487	-0.00239196	-0.00858746	-0.000859831	0.0368929	0.00823427	0.00434674	-0.0179095
HG01073	2	-0.00780564	0.0182848	0.016947	-0.00144209	-0.00567021	0.00151093	0.0284157	0.0056164	0.00460285	-0.0145922
HG01089	2	-0.00466707	0.016347	0.014667	-0.000628511	-0.00462125	0.00476815	0.0232657	0.00748624	0.000965365	-0.0066235
HG01119	2	-0.0102493	0.0214817	0.0157576	-0.00446426	-0.00293076	0.00114097	0.0264492	0.00805644	0.00134778	0.0013189
HG01121	1	-0.0100437	0.0130938	0.0227474	0.015016	-0.00444535	0.00148775	0.0168266	0.00441009	0.000991131	0.000178487
HG01142	1	-0.00375917	0.00650508	0.0241657	0.0245259	-0.00633475	-0.00264946	0.0166278	0.00218495	0.00185316	-0.000292035
HG01148	1	-0.00924207	0.0153668	0.0221041	0.0105668	-0.00613649	0.00149284	0.0169738	0.00604524	0.00575654	-0.00165719
HG01168	2	-0.00942422	0.0234571	0.010322	-0.011323	-0.0049656	0.00173576	0.0338716	0.00908399	0.00302972	-0.00456863
HG01187	1	-0.00365676	0.0115039	0.0202609	0.00941728	-0.00254227	-0.000535096	0.0191126	0.00480562	0.00310221	-0.00861507
HG01242	2	0.0121061	0.00904421	0.00717	-0.00277534	-0.00227284	0.003033	0.008049	0.00541605	0.00285863	0.00383693
HG01259	1	-0.00994853	0.0208639	0.0164123	-0.00552597	-0.00467047	0.00114872	0.0258614	0.00611057	0.00222487	-0.00373311
HG01269	2	-0.0085902	0.0141646	0.022281	0.0111993	-0.00623613	-0.00153205	0.0208509	0.00299262	0.00234492	-0.000741911
HG01275	2	-0.0103693	0.0251873	0.0130742	-0.0149974	-0.00353894	0.00311402	0.025296	0.00761487	0.00133905	-0.00297189
HG01286	1	-0.000504268	0.0143571	0.0146575	0.000238833	-0.00328932	0.00130722	0.0211638	0.00854101	0.00265195	-0.0102145
HG01311	1	-0.00703529	0.0201398	0.013495	-0.00926704	-0.00641925	0.00121025	0.0231465	0.00468573	0.00535489	-0.0042077
HG01344	1	-0.0111801	0.01004	0.0284676	0.0266005	-0.00441721	-0.00128532	0.00936555	0.000607211	-0.0057092	-0.00397807
HG01345	2	-0.00925447	0.0160195	0.0199784	0.00607872	-0.00474783	-0.00050634	0.0197221	0.00350807	0.00125905	-0.00350056
HG01348	2	-0.0103564	0.0104027	0.0264535	0.0233118	-0.00520305	0.000805906	0.0142471	0.00450954	0.00470714	-0.000265867
HG01356	1	-0.00940941	0.0132054	0.0231771	0.0160973	-0.00797408	-0.000202485	0.017346	0.00474714	0.00516406	0.00178104
HG01362	1	-0.00645446	0.0135468	0.0194116	0.00830422	-0.00143459	0.00103326	0.0187406	0.00461776	0.00339057	-0.00178693
HG01377	1	-0.00741593	0.0117239	0.0225515	0.0158625	-0.00617366	-0.00061685	0.0198855	0.00104765	0.00513059	-0.00186317
HG01384	2	-0.00911584	0.0156699	0.0203522	0.00667051	-0.00435622	0.00120334	0.0224931	0.00574047	0.00162102	-0.00177194
HG01390	2	0.000582339	0.00669498	0.0207799	0.0183941	-0.00284855	0.000901586	0.0119446	0.00259515	0.00284425	0.00155734
HG01392	1	-0.00408772	0.0144524	0.0171665	0.00492218	-0.00642726	-0.00200055	0.0218828	0.00118589	0.00663587	-0.0116815
HG01447	2	-0.00855343	0.0142208	0.0197846	0.00874831	-0.00309174	-0.000304859	0.0172528	0.00366692	0.00469971	-0.000544524
HG01455	1	-0.0108108	0.00964398	0.029312	0.0240955	-0.00204558	-0.000123693	0.0156053	0.00363572	0.0060872	-0.000938125
HG01464	1	-0.00337277	0.00800759	0.02295	0.0199547	-0.00360529	-0.000487261	0.0142757	0.00238403	-0.00079812	0.00113763
HG01465	2	-0.0106708	0.0188715	0.0190971	0.000833621	-0.00613653	0.0013517	0.0285043	0.00599364	0.00629893	-0.00193799
HG01479	1	-0.00984514	0.0213417	0.0168565	-0.00500884	-0.00613495	-0.00014319	0.0311399	0.00848126	0.00339678	0.000327626
HG01489	2	-0.0103742	0.0211539	0.0152902	-0.00526723	-0.00470566	0.00206567	0.0253147	0.00714223	0.00237579	-0.00229051
HG01492	2	-0.0104278	0.0179593	0.0192618	0.00439823	-0.00584896	0.000278887	0.0222433	0.00779445	0.000577934	-0.000178242
HG01494	1	-0.00811563	0.00703532	0.0278286	0.0278599	-0.00187439	0.00113789	0.0106537	0.00164413	0.00451773	-0.00293227
HG01504	2	-0.010165	0.0263946	0.0113028	-0.0208078	-0.00276911	0.00176217	0.02866	0.00812033	0.000980377	0.00104291
HG01507	2	-0.010066	0.0267518	0.0108239	-0.020037	-0.00440582	0.000513739	0.0231009	0.00544466	0.00471423	-0.000746312
HG01509	1	-0.00959267	0.0265292	0.0104149	-0.0210485	-0.00528919	-0.00130419	0.0254496	0.00565528	4.59321e-05	-0.00240276
HG01512	1	-0.010528	0.0273584	0.0111375	-0.020879	-0.00463841	0.00171018	0.0204477	0.00636285	0.00590706	0.00229666
HG01518	1	-0.0108257	0.0276471	0.0130261	-0.0222116	-0.00361495	0.000238186	0.0211359	0.00642479	0.00878276	-0.00237321
HG01550	1	-0.00895568	0.0161706	0.0199967	0.00615079	-0.00508552	0.000446099	0.0234302	0.00613223	-0.000111345	0.000993031
HG01571	1	-0.013834	0.000215831	0.0414873	0.0566199	-0.00233754	0.000548973	-0.00248559	-0.000392815	-0.00234809	0.00085111
HG01572	2	-0.0152393	-0.0105681	0.0552318	0.0913923	-0.00772658	-0.000683192	-0.0167076	-0.00205288	-0.00231673	0.0048954
HG01577	1	-0.00979724	0.00785066	0.0294626	0.0312756	-0.00484665	-0.000727034	0.00849362	0.0017243	-0.00335194	-0.000289201
HG01589	1	-0.0109972	0.0113	-0.0262887	0.0105871	-0.000166004	-5.34484e-05	-0.000536063	0.000785074	-0.00782725	0.0072119
HG01602	2	-0.00984215	0.0260385	0.0101009	-0.0193246	-0.00722817	0.00151502	0.0242134	0.00591202	0.00456495	-0.000754772
HG01605	2	-0.0105341	0.0270695	0.0109332	-0.0200225	-0.00416351	0.00147967	0.0225072	0.00621999	0.00128123	0.00194557
HG01608	1	-0.0100855	0.026625	0.0112615	-0.02062	-0.00505333	0.00066839	0.02432	0.00662608	0.0010993	0.00245834
HG01612	2	-0.00944081	0.0266423	0.0105747	-0.0213963	-0.00563363	-0.000809828	0.022268	0.00309709	-0.00288252	-0.00187734
HG01630	1	-0.00858677	0.0256747	0.00959951	-0.020494	-0.00484564	0.000965008	0.0335519	0.00636916	0.00386957	-0.0032716
HG01676	2	-0.0105403	0.0273079	0.0127593	-0.0214084	-0.00415248	0.00119294	0.0251261	0.00554058	0.00490702	-0.00188496
HG01678	1	-0.0104296	0.0264727	0.0105713	-0.0213005	-0.00533033	0.00210295	0.0250381	0.00521646	0.0026402	-0.00028985
HG01680	1	-0.0101728	0.0268528	0.0118957	-0.0208416	-0.00351464	0.000825726	0.0205967	0.00524616	0.00264566	-0.0013575
HG01684	2	-0.0105262	0.0270419	0.0116094	-0.020595	-0.00238098	3.85141e-05	0.0213405	0.00835063	0.00338393	0.000922261
HG01694	1	-0.00847811	0.0256111	0.00954005	-0.0194014	-0.00384346	0.00201545	0.0298984	0.00582304	0.00384413	-0.00240153
HG01699	1	-0.00961649	0.0262146	0.00968233	-0.0202963	-0.00553267	0.00140219	0.0281343	0.00810894	0.000404396	-0.0033199
HG01700	1	-0.011069	0.0276541	0.0124551	-0.0210537	-0.00375919	-0.000134228	0.0235077	0.00630646	0.0109581	-0.00113794
HG01756	1	-0.0101108	0.0260127	0.0104302	-0.0208809	-0.00419246	0.00111142	0.0252137	0.00800102	-0.000578634	0.000407977
HG01766	2	-0.00983469	0.026131	0.00969746	-0.0193748	-0.00366683	0.000298048	0.0276439	0.00731955	0.000492775	0.000757714
HG01779	2	-0.0104883	0.0270137	0.0107131	-0.021334	-0.00445134	0.000916639	0.0216229	0.00543149	0.00300286	0.00195061
HG01786	2	-0.010522	0.026868	0.0102554	-0.0199545	-0.00320623	0.0014312	0.0219888	0.00637312	-0.00213041	0.00342775
HG01789	1	-0.0113148	0.0270922	0.0109601	-0.0193267	0.000260399	-0.000674355	-0.0072821	-0.00137459	0.00246045	0.00776178
HG01794	2	-0.0152326	-0.0348181	0.0030176	-0.0184262	-0.052048	-0.00144681	-0.00973265	-0.0038832	0.00210133	0.000202392
HG01798	2	-0.0153116	-0.0337295	0.00484896	-0.0142742	-0.0061313	-0.000340989	0.000556972	0.000600396	-0.00254842	0.0015262
HG01800	2	-0.0151368	-0.0341532	0.0033112	-0.0165242	-0.0482955	-0.00151521	-0.00739566	0.000876272	0.00172392	-0.00181294
HG01817	2	-0.0148965	-0.0340354	0.00143228	-0.0182671	-0.0523392	-0.000989741	-0.00821025	-0.00124353	0.00474924	-0.00304777
HG01859	2	-0.0152328	-0.033667	0.00385795	-0.0168924	-0.0388809	-0.00243	-0.00673989	-0.00136225	-0.000398521	0.00218471
HG01865	1	-0.0151577	-0.0331082	0.00206839	-0.0171402	-0.0408249	-0.00105001	-0.00800725	-0.00183248	-0.00130272	-0.000681225
HG01871	2	-0.0150844	-0.0331973	0.00138861	-0.0161871	-0.0386706	-0.000995812	-0.00692368	-0.00139046	0.00412758	0.00273888
HG01873	1	-0.0151459	-0.0329747	0.00275732	-0.0158257	-0.0373429	-0.000628783	-0.00463608	-0.00165564	-0.000992584	-0.00150165
HG01879	1	0.0274762	0.000549818	0.00114085	-0.00252613	-6.57898e-05	0.0025723	-0.00388879	0.0155289	-0.00260806	0.0140761
HG01896	2	0.0337132	-0.00347996	-5.67072e-05	-0.000867276	0.00201957	0.00534623	-0.00896057	0.0211707	0.000709823	0.0126235
HG01917	1	-0.014179	-0.00760507	0.0504949	0.0814325	-0.00601272	-0.00128224	-0.0141599	-0.00309195	-0.00753835	0.00390266
HG01923	1	-0.015249	-0.0112815	0.0544009	0.088492	-0.00578801	5.60638e-05	-0.0174623	-0.00312926	-0.00383105	0.00306993
HG01932	1	-0.0145239	-0.0041362	0.0474566	0.0741687	-0.0068184	0.000267063	-0.00861237	-0.000697702	-0.000841592	0.00458704
HG01933	2	-0.00967787	-0.0047831	0.0383845	0.0554973	-0.00523821	0.000872657	-0.00600196	-0.000873472	-0.00388008	0.000618361
HG01935	1	-0.0139997	-0.00268326	0.0445321	0.0663501	-0.00829414	-0.000945623	-0.00883949	-0.0035526	-0.000866669	0.000330259
HG01939	2	-0.0137664	-0.00408605	0.0463951	0.0710516	-0.00557589	0.00066038	-0.0107252	-0.00138654	0.0038712	0.00424117
HG01942	2	-0.0144539	-0.00691512	0.048634	0.0782114	-0.00401986	-0.00110753	-0.00766391	-0.00227647	-0.00179422	0.00147743
HG01945	2	-0.0142196	-0.00469422	0.046143	0.0709761	-0.00356473	-0.000405971	-0.00986475	-0.00167737	-0.0048831	0.00308087
HG01947	1	-0.0125307	0.000390676	0.0371598	0.0512887	-0.00293287	-0.000592187	0.00291346	0.00243584	0.00147569	-0.000576318
HG01950	1	-0.0122849	-0.00907302	0.0485648	0.0778194	-0.00561811	-0.000652068	-0.00962923	-0.00283106	0.00338572	-0.00131189
HG01953	1	-0.0146293	-0.0091762	0.0514806	0.0836054	-0.00590904	0.00085014	-0.0132699	-0.00257	0.00246149	0.00328545
HG01961	1	-0.0157364	-0.0128042	0.0566943	0.09546	-0.00624902	0.000323545	-0.0178894	-0.00448388	-0.00731819	0.00407686
HG01967	1	-0.0133193	0.000873846	0.0401692	0.0550281	-0.00650399	0.00147204	-0.00210856	-0.000173438	-0.0043212	2.74749e-05
HG01977	1	-0.0144125	-0.00480125	0.0478657	0.0726306	-0.005715	-0.000207455	-0.00568689	0.000407242	-0.00430248	0.00133188
HG01982	1	-0.0143693	-0.00495318	0.0459724	0.0706111	-0.00504777	0.00103629	-0.0079112	-0.00245353	-0.00236634	0.00596858
HG01988	1	0.0149887	0.0101512	0.00460654	-0.00779686	0.00214573	6.49173e-06	-0.00633755	0.00988821	0.000462941	0.00881567
HG01990	1	0.031485	-0.00188316	0.00101974	-0.0025073	-0.000103091	-0.00219627	-0.00533702	0.0195681	0.000910844	0.0106205
HG02003	2	-0.0142513	-0.00656777	0.0489596	0.0757723	-0.0087176	0.00030548	-0.00893381	-0.00299465	-0.0003042	0.00557352
HG02012	2	0.0318096	-0.00178083	0.00109163	-0.00163375	0.0023166	0.00171616	-0.00771992	0.0208717	-0.000921342	0.00650424
HG02014	1	0.0290452	-0.00017953	0.000982575	-0.00223827	0.000645248	-0.000313131	-0.00382789	0.0162405	0.00136514	0.0117485
HG02016	2	-0.0148758	-0.0294413	-0.00145665	-0.0116729	-0.0426841	-0.00116439	-0.00862667	-0.00338886	0.0052714	-0.00202151
HG02017	1	-0.0149266	-0.0324185	0.00166011	-0.0156714	-0.0398975	-0.000823602	-0.00689238	-0.00192767	0.00254835	-0.00244731
HG02067	1	-0.0150277	-0.0326506	0.00177275	-0.0166381	-0.0403419	-0.000950618	-0.00683967	-0.0026451	0.00248744	-0.00143721
HG02069	2	-0.0147788	-0.0327417	0.00148383	-0.0149834	-0.0376969	-0.000588157	-0.00865165	-0.00082972	-0.00200719	-0.000994947
HG02081	2	-0.0153289	-0.0331937	0.00215321	-0.0153443	-0.0417634	-0.000996911	-0.00719792	-0.000853511	0.00525707	-0.000528311
HG02082	1	-0.0150751	-0.0335622	0.00322291	-0.0153745	-0.0212859	0.00102069	-0.00227354	0.000727169	-0.00529644	0.00148139
HG02089	2	-0.0133238	-0.000210405	0.0403599	0.0568232	-0.00457072	-0.00133896	-0.0047449	-7.30995e-05	-0.00524448	-0.00184089
HG02095	2	0.0321809	-0.00242283	0.000721301	-0.00146644	0.00124139	0.0025889	-0.00973887	0.0234656	0.00854654	0.011708
HG02105	2	-0.0154962	-0.0110594	0.0528782	0.0884211	-0.0071394	-0.00111018	-0.0161774	-0.00379866	-0.0028065	0.00126612
HG02133	2	-0.0148945	-0.0330399	0.00132574	-0.0158435	-0.0436416	-0.000685224	-0.0100779	-0.00244606	-0.000847494	-0.0014133
HG02138	1	-0.0149904	-0.0328067	0.00173821	-0.015638	-0.0410484	-0.00186197	-0.00870046	-0.000513012	-0.00198958	0.00291879
HG02139	2	-0.0151543	-0.0329795	0.00258247	-0.0155167	-0.0402627	-0.00137887	-0.00793653	-0.000902193	0.000408733	-0.00133758
HG02143	1	0.0267036	0.00126913	0.00130753	-0.00256522	0.000230649	0.00304438	-0.00892323	0.0153558	-0.00222862	0.0159294
HG02144	2	0.0322653	-0.00202003	0.00073994	-0.000861426	-9.6075e-05	-0.000370784	-0.00792685	0.0191259	0.000473303	0.00978099
HG02146	1	-0.014934	-0.00858646	0.0520077	0.0832197	-0.00452099	9.97411e-05	-0.0138642	-0.00226539	-0.00564865	0.00334795
HG02153	2	-0.0151524	-0.0333882	0.00145734	-0.0158069	-0.0469055	-0.000960192	-0.0093115	-0.00145439	0.00413376	-0.00226307
HG02155	2	-0.015203	-0.0341816	0.00350456	-0.0171578	-0.0473428	-0.000653908	-0.00931242	0.000371872	0.00124429	-0.00290318
HG02156	2	-0.0150678	-0.0337156	0.00183802	-0.0171838	-0.0510796	-0.00258827	-0.00945865	-0.00291079	0.00294119	3.89025e-05
HG02180	2	-0.0153376	-0.0346188	0.0020778	-0.0175152	-0.0479654	-0.00019996	-0.00699813	-0.000841174	-0.00199266	-0.000865685
HG02184	2	-0.0152464	-0.0336887	0.00318666	-0.017471	-0.0503528	-0.00196746	-0.0078622	-0.000133101	0.00549138	0.00173382
HG02223	2	-0.0103665	0.0271333	0.0106957	-0.0204753	-0.00289363	0.000220983	0.0195047	0.0071417	0.00346423	0.00144058
HG02238	1	-0.00996216	0.0270619	0.0107915	-0.0200992	-0.00595216	0.00103715	0.0251027	0.00381523	0.00453241	-0.00351439
HG02250	1	-0.0151377	-0.0331781	0.00283425	-0.0161065	-0.0497524	-0.00156769	-0.00838355	-0.00280221	0.00410526	0.00170075
HG02253	1	-0.0129458	0.00436247	0.0357936	0.0455772	-0.00584095	0.000323755	0.0018361	-0.000852398	0.000869212	0.00181627
HG02265	1	-0.0153961	-0.0102379	0.0536858	0.0899481	-0.0064926	2.2541e-05	-0.0168328	-0.00190422	-0.00251035	0.00152832
HG02266	2	-0.0151446	-0.0110712	0.0524691	0.0857692	-0.00217215	-0.00068163	-0.0109142	-0.00259551	-0.00169958	0.00254854
HG02271	1	-0.0152565	-0.0123212	0.0556027	0.0942818	-0.0058274	-0.00114794	-0.0170272	-0.00307379	-0.00362812	0.00532084
HG02274	1	-0.00209262	-0.00515405	0.0352518	0.0555389	-0.00475438	0.00232444	-0.0113538	0.00425767	-0.00321995	0.00511888
HG02275	2	-0.0155144	-0.0114459	0.0547146	0.0919682	-0.00946256	-0.000178916	-0.0156647	-0.00587504	-0.00422603	0.00303879
HG02284	1	0.0277681	0.000879084	0.00124456	-0.00365971	0.00190182	0.00265989	-0.00448693	0.0127989	0.00472248	0.00498208
HG02285	1	-0.0139574	-0.0051199	0.04625	0.0719358	-0.00639131	0.0009298	-0.0103304	-0.00275243	-0.00360756	-0.00138108
HG02291	1	-0.0154514	-0.0122311	0.0551035	0.0932015	-0.00539879	0.000152332	-0.0155229	-0.00415308	-0.00391724	0.00552468
HG02307	1	0.0322627	-0.00249198	-2.56624e-05	-0.000619941	0.000793569	-0.00207111	-0.00608408	0.0163072	-0.000202518	0.00734778
HG02364	1	-0.0146984	-0.0342866	0.00301537	-0.0168272	-0.0534369	-0.00191688	-0.0100802	-0.00173835	0.00244736	-0.000313872
HG02367	1	-0.0151399	-0.0336877	0.00231856	-0.0163037	-0.0516337	-0.00134335	-0.00892087	-0.00166544	0.00373278	-0.00339098
HG02382	1	-0.015069	-0.0338336	0.00248512	-0.0176205	-0.0493095	-0.000656354	-0.00684151	-0.000742055	0.00304499	-0.00209966
HG02390	1	-0.0151679	-0.0335737	0.00252549	-0.0165808	-0.051477	-0.00165863	-0.00765341	-0.00195785	0.0043713	0.00106311
HG02420	1	0.0158395	0.00913578	0.00448682	-0.00911775	0.000624323	0.00135508	-0.00432396	0.0104643	-0.00391396	0.00619326
HG02445	1	0.0274396	0.00121828	0.00183516	-0.00274238	-0.000691611	-8.37794e-05	-0.00543445	0.0158674	0.00302464	0.00894072
HG02477	2	0.0290675	0.000197956	0.00196236	-0.00245724	0.000874974	0.00319481	-0.00750104	0.0190893	0.00521623	0.012832
HG02496	1	0.0314127	-0.00180292	0.00108415	-0.00169904	-0.00122155	0.00260383	-0.00737083	0.0239614	0.00618354	0.0143747
HG02521	1	-0.0151631	-0.0328026	0.0020418	-0.0146965	-0.0384655	-0.00231681	-0.00541922	0.000370117	-0.00397221	-0.000541456
HG02522	2	-0.0149266	-0.0329852	0.00136156	-0.0154973	-0.0407704	-0.00164951	-0.00669415	-0.00158682	0.00360745	-0.0034132
HG02558	2	0.0306797	-0.00119695	0.00156366	-0.00143821	-0.000830602	0.00176126	-0.00599954	0.0196829	-0.00362948	0.00584263
HG02573	1	0.0337922	-0.00297663	-8.49374e-05	-0.000392503	0.000633024	-0.0575776	0.0133339	-0.033331	-0.00203476	-0.0416643
HG02577	2	0.0256832	0.00267355	0.00286335	-0.00461577	0.00146629	0.00330432	-0.0102947	0.0148468	-0.00079558	0.0123384
HG02580	2	0.0285865	0.000192498	0.00188304	-0.00313483	0.00182714	0.00352063	-0.00444498	0.0196453	-0.00221368	0.00295393
HG02600	1	-0.0112132	0.0074892	-0.0316488	0.0136534	0.00152681	-0.00032618	-0.00220309	-0.000226231	0.00470278	0.00163384
HG02634	1	0.0339045	-0.00277903	0.000496682	-0.00059182	0.000144745	-0.0523397	0.0135538	-0.0273928	0.00303053	-0.0278952
HG02635	2	0.0342019	-0.00335094	0.000147279	3.01858e-05	0.00176451	-0.0414688	0.0111494	-0.0247574	0.00254012	-0.0120526
HG02657	1	-0.0108679	0.00892503	-0.0293223	0.0112852	0.00143291	-0.000665596	0.00288393	0.00205952	-0.00155233	-0.0042138
HG02679	2	0.0344557	-0.00360385	-0.000138485	-0.000334027	0.00411609	-0.055752	0.0109146	-0.0341219	-0.00291761	-0.0382028
HG02681	1	-0.0109971	0.0125347	-0.0243594	0.00843925	-0.000219461	0.000780201	-0.00258019	-0.00061165	0.00505777	0.00128623
HG02684	1	-0.0107727	0.00714182	-0.0342031	0.0144992	0.00107083	-0.00170883	0.000882929	1.1611e-05	0.0373355	0.00126257
HG02685	2	-0.0109483	0.00695414	-0.0351188	0.0157728	-0.00043572	-0.00114015	-0.00151254	0.000675086	0.0412169	-0.0018809
HG02687	1	-0.0108335	0.00588571	-0.0372815	0.0170185	0.00043705	-0.000999618	-0.00147524	-0.00204323	0.0520893	0.00257715
HG02703	2	0.0345542	-0.00355362	-0.000360232	-0.000544717	0.00214169	-0.0638597	0.0149799	-0.0423144	-0.0104038	-0.0529249
HG02724	1	-0.0110581	0.00499252	-0.0358394	0.0167276	-0.000382184	-0.0013254	-0.00491009	-0.000745273	0.0483692	0.000110303
HG02737	2	-0.0109555	0.0123307	-0.0247201	0.00844544	0.00207813	-0.000879257	-0.00326151	0.000493487	0.00132905	0.004747
HG02768	1	0.0345599	-0.00384578	-0.000391787	-0.000238894	0.000103528	-0.0580541	0.0116774	-0.0373152	0.000397501	-0.024637
HG02793	2	-0.0110754	0.00520136	-0.0374892	0.0160155	0.00115042	-0.00159662	-0.00386891	-0.00184556	0.0553744	0.00114764
HG02805	2	0.0347103	-0.00390947	-0.000556007	-0.000623652	-0.00178212	-0.0643292	0.01324	-0.0431003	0.000695572	-0.0274563
HG02922	2	0.0357386	-0.00422445	-0.000277776	0.000534696	0.00140424	0.0155924	-0.0145559	0.0484725	-0.00228914	-0.0283626
HG02938	1	0.0355167	-0.00390872	-3.52927e-05	0.000655663	-9.3047e-05	0.0168648	-0.0128514	0.0462695	0.00246435	-0.0233791
HG02944	1	0.0356078	-0.00416868	0.00019989	0.000350282	9.53979e-05	0.0193913	-0.0133511	0.045842	0.00184298	-0.0262731
HG02971	1	0.0358993	-0.00395889	0.000278132	-0.000289915	0.00173673	0.0210365	-0.0158398	0.0454434	0.000257092	-0.0273655
HG02983	2	0.0340144	-0.00331341	2.53457e-05	-0.000658939	0.000721707	-0.0634422	0.0123771	-0.0386444	3.83878e-05	-0.0501974
HG03015	1	-0.0111223	0.00563224	-0.0351887	0.0164368	0.00232643	-3.65215e-06	-0.000553469	-0.00132748	0.04526	0.00378464
HG03024	1	0.034527	-0.00360881	0.000345004	-0.000124787	-0.00182947	-0.0605343	0.012114	-0.0386005	-0.000541091	-0.031415
HG03028	2	0.0345572	-0.00335674	0.000355457	-4.01013e-05	-5.26162e-05	-0.0559532	0.0149632	-0.0381603	-0.00570544	-0.0245344
HG03052	2	0.035418	-0.00385137	-0.000450798	0.000123017	0.000373221	-0.0304477	0.00191903	-0.00884066	0.000659425	0.0835113
HG03060	1	0.0353208	-0.00411057	2.4514e-05	0.000444078	-0.00143071	-0.0334649	0.00105224	-0.00648669	0.00443196	0.0748631
HG03066	1	0.0353696	-0.00385917	-0.000553188	0.000747222	0.00122337	-0.0326023	0.00201878	-0.00757866	-0.000409372	0.0766927
HG03073	2	0.0352577	-0.00368129	-0.000306782	-6.74153e-05	-0.00105903	-0.0390737	0.00374717	-0.0128029	0.00239005	0.0958476
HG03074	1	0.0357415	-0.00388347	-0.000315287	-1.56491e-06	0.000154545	-0.0351791	0.000761595	-0.00791619	0.00204718	0.0869062
HG03081	1	0.0355503	-0.00407549	0.000549979	0.000172364	-0.000442679	-0.0292484	0.00154227	-0.0072322	-0.000949703	0.0766428
HG03085	2	0.0353782	-0.00401607	-0.000104659	6.41223e-06	0.000137139	-0.0308232	0.00108436	-0.00504407	0.0041036	0.0818317
HG03091	2	0.0354615	-0.00374566	-2.32141e-05	0.000741005	0.00124507	-0.0330638	0.000653593	-0.0105225	0.00211841	0.0764662
HG03097	2	0.0353966	-0.00405023	0.000883388	-0.00013141	-7.42116e-05	-0.0340671	-0.00176175	-0.0116759	0.00340428	0.109298
HG03100	1	0.0352171	-0.00409289	8.33478e-05	0.000815987	0.0008797	0.0166487	-0.0148969	0.0423324	0.00143356	-0.0260083
HG03109	1	0.0354957	-0.00404936	-0.000736066	0.000327752	0.000321638	0.0173318	-0.0134933	0.0451382	0.00111034	-0.0297363
HG03115	1	0.0354661	-0.00431301	-0.000206641	1.5283e-05	-0.00060986	0.0158549	-0.0138185	0.0428512	-0.000234708	-0.0217752
HG03133	1	0.0354057	-0.0042352	0.000475681	-7.60884e-05	0.00101179	0.015409	-0.0143423	0.047019	0.00053743	-0.0310313
HG03228	1	-0.0109691	0.0061217	-0.0340796	0.0142757	-0.000623735	0.000384811	0.000621242	0.00035964	0.0147128	0.00264573
HG03238	2	-0.0106736	0.0141376	-0.022591	0.0066692	-0.00143305	-0.000255165	0.00314069	0.00262083	-0.00390583	0.00533065
HG03258	1	0.0343955	-0.0034874	0.000410462	0.000315957	-7.66736e-05	-0.0629009	0.0139387	-0.0359223	0.00179775	-0.0482427
HG03391	1	0.0352798	-0.00415229	-0.000454683	0.000450783	0.00142296	-0.0349744	4.13503e-05	-0.00541172	0.00218578	0.0940252
HG03457	1	0.0353891	-0.00387385	-4.84405e-05	-9.87459e-05	-0.00129362	-0.034888	0.00309602	-0.0101852	0.00277068	0.0899091
HG03461	2	0.0354481	-0.00429134	0.000135088	2.28833e-05	0.00111335	-0.0324401	0.00287712	-0.00758401	-0.000407019	0.0747887
HG03470	2	0.0352732	-0.00424301	-0.000186608	0.000305049	0.000659159	-0.0328306	0.00244218	-0.0130469	0.00254831	0.0756186
HG03484	1	0.0355646	-0.00436599	-0.000280653	-0.000294981	0.00291805	-0.0385368	0.000175951	-0.00700188	0.00521347	0.144046
HG03511	2	0.0353364	-0.00396707	-0.00017896	0.00023283	0.00219882	0.0221953	-0.0138906	0.0450021	0.00376775	-0.0240444
HG03521	1	0.0353103	-0.0043231	7.67647e-05	0.000264523	0.00111994	0.0169653	-0.0133478	0.0432402	0.00307999	-0.0292061
HG03548	2	0.0355541	-0.0040001	-2.55568e-05	0.000465849	0.00161765	-0.0325296	-0.000518791	-0.00525263	0.00474974	0.0944053
HG03593	1	-0.0114329	0.00150649	-0.0324358	0.013919	-0.00445051	-0.0010139	-0.00186846	0.0011372	0.0129181	0.000934074
HG03595	2	-0.0116229	0.0012969	-0.0305317	0.0125406	-0.00100549	-0.000120239	-0.00246249	-0.00011304	0.00780134	-0.000595713
HG03598	2	-0.0114456	0.00143697	-0.0315384	0.0120357	-0.000838459	0.000755082	-0.00481096	-0.00158826	0.0139337	-0.000489809
HG03604	2	-0.0114211	0.00150257	-0.0332581	0.0142	-0.000130015	-0.00067831	-0.0046228	-0.00126717	0.0087923	-0.000869087
HG03640	2	-0.0110174	0.00499404	-0.0355985	0.0157237	0.0023893	0.000183751	0.000689436	-0.000608021	0.0439031	3.56458e-05
HG03645	2	-0.0108227	0.00398459	-0.0385155	0.0172948	0.000668136	-0.000922663	0.00115012	0.000678763	0.0274161	-0.00486285
HG03672	1	-0.0108387	0.00585661	-0.039246	0.0174985	-0.00425561	-0.00186149	0.00300941	-0.00210478	0.0233059	0.00156915
HG03681	1	-0.0108331	0.00496437	-0.0380236	0.0170379	0.00191923	-0.00125659	0.00420488	0.0023447	0.0174149	-0.000601889
HG03686	1	-0.0107732	0.00297204	-0.0410684	0.0196421	0.00110939	-0.00109517	0.00174748	2.40243e-05	0.0309179	-0.00344073
HG03687	1	-0.010661	0.00468652	-0.0379758	0.0174786	-0.00349022	0.000940622	0.00197456	-0.00127056	0.025278	-0.00101295
HG03697	1	-0.0106709	0.0048467	-0.037976	0.0167191	-0.000315047	-0.000506406	0.00310791	0.000658005	0.0298729	-0.00472499
HG03705	1	-0.0110937	0.00531146	-0.0358648	0.0155762	0.000248918	-0.000757849	-0.00176357	-0.00133155	0.0514604	0.000501093
HG03709	2	-0.0111427	0.0061954	-0.0328698	0.0138904	0.000536729	0.000208103	-0.005757	0.00198333	0.0156794	-0.000956933
HG03714	2	-0.0108035	0.00854629	-0.0309546	0.0125852	-0.00202284	0.000283894	-0.00150638	-0.00167428	0.00998006	3.40916e-05
HG03722	2	-0.0108405	0.00361587	-0.0409262	0.0190243	-0.00067202	0.000848347	0.000112003	-0.000419369	0.0208736	-0.00431066
HG03729	1	-0.010911	0.00612176	-0.038775	0.0176953	0.000694169	0.000524604	0.00250308	0.00126066	0.0204019	0.00153311
HG03730	2	-0.0108086	0.00135943	-0.0423267	0.0202545	0.0018645	-0.00187894	0.000542612	-0.00184541	0.0312402	-0.00386462
HG03742	1	-0.0109578	0.00422023	-0.0386702	0.0169974	-0.000831563	-8.01311e-05	0.00226891	0.00139614	0.0256832	0.000419476
HG03746	1	-0.010821	0.00849981	-0.0311806	0.0133765	0.00475101	-0.000745289	-0.00112244	-0.00169404	0.00432969	0.00197495
HG03753	1	-0.0106579	0.00433082	-0.0381016	0.0173579	0.000605489	0.000456541	0.00399992	0.00164156	0.0245318	-0.00118309
HG03760	2	-0.010753	0.00491852	-0.0390274	0.0170711	0.00128212	-0.000791144	0.00471381	0.000528008	0.0249985	-0.00409663
HG03781	2	-0.010931	0.00508675	-0.0369945	0.0161181	0.00158906	-9.3676e-05	-0.00100592	-0.000605263	0.0116129	-0.00426634
HG03784	2	-0.0111247	0.00442052	-0.0427107	0.0200039	-0.000793724	-0.00243957	0.000239088	0.00136023	0.020571	-0.00520525
HG03792	1	-0.0107628	0.00607068	-0.0367222	0.0164091	-0.00123796	0.00204162	0.00549846	0.000643197	0.0235448	-0.000671169
HG03800	1	-0.0115104	-0.00209916	-0.0339015	0.0148752	-0.00444786	-0.000134699	-0.00317029	0.000210512	0.0180815	0.000988013
HG03802	2	-0.0113894	0.00179339	-0.0341525	0.0137885	-0.00235483	0.000421225	-0.00408368	-0.00268871	0.0149712	-0.00110669
HG03803	1	-0.0114027	0.00212611	-0.0320089	0.0132097	0.000165498	0.0011239	-0.00289061	0.000840936	0.00655601	0.000174665
HG03812	1	-0.0115468	0.00100014	-0.03178	0.0123488	-0.0023469	-0.000305904	-0.000109932	0.00101086	0.00537109	0.00217867
HG03821	1	-0.0110937	0.00194113	-0.0328475	0.0138474	0.000745817	-0.0012679	-0.00366303	-0.000542833	0.00781428	0.00113243
HG03824	1	-0.011478	-0.000110624	-0.0305538	0.013131	-0.000992858	-0.000746726	-0.00674729	0.000289921	0.00673357	-0.00225149
HG03836	2	-0.0108642	0.0052386	-0.0376607	0.0165759	-0.000367284	0.000887838	0.00348931	-0.000411854	0.0285406	0.000589805
HG03837	1	-0.0107473	0.00510157	-0.0389234	0.0178495	0.0006321	-0.000333516	0.0050066	0.00109213	0.0281431	0.000464698
HG03856	1	-0.0111865	5.65677e-05	-0.0435542	0.0212066	0.0017208	-0.00242576	-0.0032804	-0.000722891	0.0354062	-0.00330506
HG03862	2	-0.0107292	0.00635111	-0.0369291	0.0166246	-1.95355e-05	0.00139164	0.00491155	0.00183139	0.0177264	-0.00193614
HG03863	2	-0.010846	0.00591115	-0.0376653	0.0161052	0.00101473	-0.000484006	0.00426494	0.000640773	0.0178631	0.000618234
HG03869	1	-0.0106235	0.00580661	-0.037562	0.0166253	0.00124952	0.000811924	0.00445787	0.00169383	0.0210696	-0.00134654
HG03872	1	-0.0108109	0.00575504	-0.0376962	0.0180821	-0.000280223	0.000113222	0.0021154	0.00225293	0.0130636	-0.00261549
HG03888	2	-0.011003	0.00842968	-0.0310755	0.0131863	-0.000179169	-0.00102058	-0.00248409	0.000980335	0.00558576	-0.00114706
HG03900	1	-0.0108003	0.00524189	-0.0379524	0.0167271	0.00206103	0.000270548	0.0040367	0.0011949	0.0269882	0.000182003
HG03916	2	-0.0115307	0.000585786	-0.0323939	0.0132507	-0.00278517	0.000956893	-0.00332959	0.000611193	0.0121384	-0.00649222
HG03925	2	-0.0114972	0.000924616	-0.031682	0.0133078	0.000936376	0.00117565	-0.00195878	-0.000725172	0.00683909	0.00184706
HG03968	2	-0.0107818	0.00568691	-0.0387289	0.0169581	-0.00015737	-0.000929852	0.00191684	-0.000727977	0.0184239	0.000177152
HG03973	2	-0.0107676	0.00598866	-0.0379881	0.0171911	0.00135378	-0.000688957	0.00409223	0.00110021	0.0143158	-0.00103138
HG03977	2	-0.0108929	0.00118264	-0.0440779	0.020988	0.000762461	-0.000385333	0.00243693	0.00275643	0.0331907	-0.00495487
HG03990	1	-0.0107175	0.00388029	-0.0388646	0.0180867	0.000521361	0.000557481	0.000685585	0.000601319	0.0187254	-0.00367026
HG04014	2	-0.0110621	0.00302289	-0.0379337	0.0166146	-0.00249502	-0.000679483	0.00257638	0.00212689	0.0221847	0.0012618
HG04017	1	-0.0109574	0.00480611	-0.0427304	0.0199139	-0.00329204	-0.0015806	0.000328613	0.000166638	0.0152403	-0.00556722
HG04018	2	-0.0105583	0.00639789	-0.038154	0.016306	0.00194599	-0.0019339	0.00588217	0.000528514	0.0228609	0.00105847
HG04020	1	-0.0109467	0.0060069	-0.033752	0.0148046	-0.0029733	8.88942e-05	-0.00318025	-0.00171539	0.0219298	0.0012476
HG04022	1	-0.0108827	0.00528524	-0.0380967	0.0179695	-0.000492907	-0.000293232	0.00259737	-0.00197485	0.0233304	-0.00213007
HG04039	1	-0.0107203	0.00413072	-0.0379659	0.0172852	-0.000580987	-4.89338e-05	0.00281345	0.00204034	0.0237059	-0.000357887
HG04062	2	-0.010899	0.00191016	-0.04252	0.0201117	0.000889457	-0.00160295	-0.00268142	-0.00180163	0.0310851	-0.0018951
HG04140	1	-0.0116988	-0.000788629	-0.0319438	0.0134193	0.00135217	-0.00145107	-0.00119462	-0.00190971	0.01663	-0.00254886
HG04146	1	-0.0113563	0.000846443	-0.0310192	0.0142009	-0.00237079	-0.000559158	-0.00395764	-0.00129919	0.00745586	-0.00201089
HG04180	2	-0.0114481	0.00186153	-0.0328417	0.0143872	-0.0017518	-0.00203967	-0.00129982	0.00116143	0.00617252	0.00188441
HG04186	2	-0.0113085	0.00273241	-0.0407997	0.0201009	0.00267822	0.000434566	-0.00278724	-0.00175811	0.00977239	-0.00099104
HG04194	1	-0.011346	0.00210631	-0.0330202	0.0133844	-0.00288304	0.0012809	-0.0030026	0.00168384	0.00862383	0.00365173
HG04200	2	-0.0107709	0.00644324	-0.0364001	0.0160925	0.00217175	0.00118658	0.00374582	0.00145743	0.0200666	0.00208669
NA06989	2	-0.0113035	0.0266514	0.0102347	-0.0198338	0.00188042	0.000688439	-0.0117723	-0.000594481	-0.00206798	0.00680407
NA07048	1	-0.0110416	0.0268338	0.0105963	-0.0203268	0.00188477	-0.000234399	-0.00993138	-0.000207331	-0.00149793	0.00668428
NA10851	1	-0.0115293	0.0269998	0.0112027	-0.0187181	0.000492471	-0.00172066	-0.0170826	-0.00281281	-0.00780201	0.00597231
NA12878	2	-0.0111688	0.0271381	0.0109998	-0.0173728	0.00126631	0.00114832	-0.0172372	-0.00157438	0.00225508	0.00207309
NA12889	1	-0.0109594	0.0273432	0.0099523	-0.0193212	-0.0022543	-0.00107071	-0.00401355	0.000623078	-0.00111085	0.00207504
NA12890	2	-0.0114081	0.0265862	0.0108535	-0.018405	-0.00193587	-0.00172836	-0.0117982	-0.0016784	-0.00442819	0.00714257
NA18499	2	0.0351903	-0.00438055	0.000342881	0.000569044	0.00276115	0.010483	-0.0102342	0.0349755	-0.000998903	-0.0150161
NA18520	2	0.0350892	-0.00371741	-0.000117312	0.00018405	-0.00194719	0.00892547	-0.0103726	0.0356139	-0.000308916	-0.0141655
NA18532	2	-0.0153603	-0.0340322	0.00563054	-0.0138731	0.0173848	0.00103516	0.00452891	0.00193546	-0.00540739	0.00309843
NA18537	2	-0.0154609	-0.0330908	0.00615033	-0.0134612	0.0225736	-0.000265476	0.00244528	0.00128157	-0.00707518	-0.000950509
NA18539	2	-0.0153491	-0.0328015	0.00658984	-0.012186	0.0323394	-2.5891e-05	0.00624043	0.00131259	-0.00850747	0.0013431
NA18553	2	-0.0151796	-0.0326334	0.00637851	-0.0113233	0.0271654	0.00070117	0.000599669	0.000983937	-0.00309575	0.00309237
NA18570	2	-0.0155474	-0.0344447	0.00566257	-0.0152859	0.00448627	-0.000375561	0.00132211	0.00126647	-0.00261435	-0.000226462
NA18571	2	-0.0151205	-0.0334539	0.00570431	-0.0139091	-0.0011038	0.000823792	0.00215433	-5.02844e-05	-0.000533406	0.000882126
NA18591	2	-0.0156427	-0.0347632	0.00614554	-0.0146001	0.00124639	-1.92909e-05	-0.00125811	0.000902471	-0.00231809	0.000675001
NA18592	2	-0.0154642	-0.0334419	0.00574081	-0.0129546	0.0263518	0.00196083	0.00508198	0.00209821	-0.000284514	0.000689475
NA18595	2	-0.0154924	-0.0335041	0.00567902	-0.0132367	0.0320833	0.000884238	0.00744263	0.00090587	0.000578739	-0.00312913
NA18616	2	-0.0155716	-0.0339047	0.0039746	-0.0144818	0.00280236	-0.000895262	-0.000177078	0.000687669	-0.00547072	0.000589289
NA18642	2	-0.0148364	-0.0317017	0.00614897	-0.0115363	0.0272781	0.00150055	0.00517717	-0.000875263	-0.00134793	0.00377782
NA18853	1	0.0353883	-0.00419135	-3.32894e-05	-8.82199e-05	-0.000186664	0.00845765	-0.0104085	0.0375259	-0.000913776	-0.00671036
NA18868	1	0.0352379	-0.00403163	0.000446467	-0.000465777	0.000485833	0.0060137	-0.0086596	0.0322551	0.00369968	-0.0045513
NA18873	2	0.035395	-0.0041144	-0.00043462	-0.000235321	-0.000636168	0.00802101	-0.00728033	0.0315527	0.000283776	-0.0120562
NA18941	2	-0.0151973	-0.0332591	0.00591545	-0.00992819	0.0719825	0.00181537	0.0152259	0.00253064	0.00196117	0.000159776
NA18960	1	-0.0150308	-0.0333568	0.00522278	-0.00978183	0.0650453	0.00134071	0.0152852	0.00189589	0.00116386	5.71111e-07
NA18965	1	-0.0152914	-0.0333679	0.00692461	-0.0105642	0.0644249	0.0027386	0.0129834	0.00197965	0.00200357	-0.000545486
NA18966	1	-0.0151572	-0.0330157	0.00613268	-0.00932599	0.0769286	0.00094879	0.0162972	0.00310583	0.00537982	-0.000522141
NA18969	2	-0.0152966	-0.0330198	0.00531182	-0.0100687	0.0695288	0.000894393	0.0150699	0.00242733	0.000637528	0.00405619
NA18971	1	-0.0152472	-0.0330811	0.00620547	-0.0105032	0.0713846	0.00192927	0.0129346	0.00426445	0.00381862	0.000189555
NA18972	2	-0.0151554	-0.0327713	0.00727395	-0.00918784	0.0704837	0.00141213	0.0132907	0.00128388	0.00400634	-0.00038206
NA18977	1	-0.0151527	-0.0328267	0.00638473	-0.010116	0.0664465	8.775e-05	0.0129685	0.00277088	0.00484961	-0.000760831
NA18980	2	-0.0155117	-0.0328972	0.00612346	-0.00992711	0.0649341	0.00197655	0.0139416	0.00387574	-0.000646361	-0.000186901
NA18988	1	-0.0150998	-0.0329844	0.0056816	-0.00917408	0.0709464	0.00275682	0.0158535	0.0033051	0.0027764	0.000273165
NA19001	2	-0.0151137	-0.0330873	0.00593494	-0.0107344	0.0669107	0.00269267	0.0129696	0.00340069	-0.00122366	-0.00057506
NA19003	2	-0.0153021	-0.0328658	0.00685568	-0.00936204	0.0738523	-0.000113437	0.015803	0.0030067	0.00606575	0.00268437
NA19031	1	0.0319328	-0.00281039	-0.000821732	-0.000481927	-0.000648579	0.0651561	0.0126196	-0.0586735	-0.000723683	-0.00404524
NA19043	1	0.032531	-0.00270058	-0.00110482	-0.000870274	-0.00218494	0.0614523	0.0149215	-0.0617063	0.00234843	-0.00186848
NA19080	2	-0.0151998	-0.0335287	0.00578635	-0.0110692	0.0669445	0.000814567	0.0121884	0.00426184	0.00345761	-0.00305083
NA19086	1	-0.0152093	-0.0329874	0.00605487	-0.00999714	0.0718653	0.00268964	0.014858	0.0048036	0.00480538	0.00211667
NA19118	2	0.0343113	-0.00347631	0.000464854	-0.000466693	0.000405781	0.00817976	-0.00458422	0.0251848	0.00312317	-0.0231196
NA19129	2	0.0350354	-0.00364491	0.000130958	0.000182926	0.00317027	0.00842864	-0.00845446	0.0312399	0.0034631	-0.00432975
NA19147	2	0.0352777	-0.00415532	-0.000108354	0.000427419	0.00237986	0.0107843	-0.0102967	0.0331489	-0.00238208	-0.00283997
NA19327	2	0.0312089	-0.0023084	-0.000792804	-0.00130064	-0.00366475	0.0639706	0.01607	-0.0655913	-0.00425593	-0.000155607
NA19347	1	0.0322376	-0.00300029	-0.000809708	-0.000964944	-0.00145371	0.0733324	0.0133681	-0.0693515	-0.00226135	-0.00185163
NA19355	2	0.0321894	-0.00295586	-9.7129e-05	-0.000265931	-0.000523655	0.067034	0.012434	-0.0669204	0.00414891	-0.0036193
NA19393	1	0.0324515	-0.00310095	-0.000624574	-0.000892478	-0.0012684	0.0678821	0.0125259	-0.0649252	0.00142361	0.00398302
NA19403	2	0.0315474	-0.00248	-0.00100156	-0.000866587	-0.00397895	0.062025	0.0122637	-0.0550426	-0.00178032	-0.00633996
NA19439	2	0.0327331	-0.00336854	-0.00077328	-0.000183514	-0.00054395	0.0659088	0.0151904	-0.059764	0.000110791	-0.0119012
NA19449	2	0.0323628	-0.00346491	-0.000528859	-5.06978e-05	-0.000722699	0.0595533	0.0110762	-0.0564798	-0.00308862	0.00375215
NA19651	2	-0.00949694	0.0145681	0.0196996	0.0100179	-0.00473261	0.0012724	0.0148137	0.00243877	0.000380799	-0.00123986
NA19654	2	-0.0106694	0.00295476	0.0326566	0.0413715	-0.00232113	-0.000602272	0.00563695	-6.43716e-08	0.00460706	-0.00037129
NA19661	1	-0.0108774	0.00511835	0.029497	0.033087	-0.00281666	-0.00144346	0.00686683	0.00173768	0.00482371	-0.000898344
NA19663	2	-0.0102999	0.000441097	0.0344372	0.044676	-0.001018	-0.000702519	5.7067e-05	-0.00182714	0.00492524	-0.00141925
NA19679	1	-0.00951264	0.0241161	0.0109051	-0.0148041	-0.00536268	0.000596619	0.0274029	0.00752861	0.000930066	-0.00244579
NA19700	1	0.0268136	0.00153558	0.00213185	-0.0030236	0.00115903	0.00320485	-0.00658392	0.00998021	-0.00183121	0.00232364
NA19723	1	-0.00921464	0.0038795	0.0299647	0.0366425	-0.00322973	-0.00174876	0.00594243	-0.00108081	-0.00144755	-0.00213603
NA19729	1	-0.0146945	-0.00968722	0.047647	0.0757523	-0.00203357	0.000555603	-0.0111276	-0.00355577	0.00472132	0.000750004
NA19734	2	-0.0128126	0.00117266	0.0361938	0.0482181	-0.000663311	-0.000408288	-0.00157404	0.000187314	0.00206833	-6.61839e-05
NA19740	2	-0.0130216	-0.00512038	0.0409997	0.0597898	0.00231733	0.000982378	-0.00381177	-0.000465802	1.31746e-05	-0.00352702
NA19747	1	-0.0118754	0.00376281	0.0316683	0.0382731	-0.0049344	-0.00190057	0.00293524	0.00129391	0.00246945	0.00302139
NA19749	2	-0.0109299	0.007105	0.0219524	0.016068	-0.00404967	-0.00170301	0.00403	0.00133607	-0.0017892	0.00078108
NA19750	1	-0.0103803	0.0140521	0.0222364	0.0113605	-0.000484104	0.000776691	0.0137448	0.0030975	0.0017587	-0.00183057
NA19759	1	-0.013313	-0.00441397	0.0406455	0.0608852	-0.0017548	-0.00154064	-0.00596835	-0.000936414	0.00406694	0.000192199
NA19909	2	0.028687	-0.000648779	0.00226621	0.00114435	-0.000634766	0.00145234	-0.00455493	0.00772807	-0.00374463	0.00139086
NA20127	2	0.0303921	-0.00142692	0.00127145	-0.00161236	-0.00177089	-0.000441505	-0.000452052	0.00392073	-0.00263116	0.00761554
NA20276	2	0.0261115	0.00138252	0.00174502	-0.00414983	-0.000280173	0.00533034	-0.00362623	0.00640433	0.000848042	-0.00253133
NA20278	1	0.0112702	0.012028	0.00591128	-0.00930421	0.000556878	-0.000545125	-0.00603647	0.00449452	0.000529146	-0.0013316
NA20294	2	0.0280866	8.31549e-05	0.00152057	-0.00218629	-7.77877e-05	0.00716764	-0.00833464	0.00945369	0.00202358	0.0100758
NA20314	2	-0.0140083	-0.000679146	0.0343799	0.0452524	0.0048898	-0.000665384	-0.0100326	-0.000990063	0.00195951	0.000190206
NA20348	1	0.0274693	0.00037257	0.00129914	-0.00290113	0.000752055	5.61422e-05	-0.00231655	0.00456448	-0.0027638	0.00180903
NA20504	2	-0.0107124	0.0262838	0.00783558	-0.0192062	-0.00492079	0.00132431	0.0306496	0.00821327	-0.00572012	0.0021876
NA20520	1	-0.0104355	0.0264054	0.00754762	-0.0205098	-0.00485552	0.00152546	0.0261157	0.00889924	-0.0039306	0.00405926
NA20525	1	-0.0102259	0.0265053	0.00709908	-0.0195581	-0.00670256	0.00261875	0.0310589	0.0081501	-0.000559808	0.00135686
NA20530	2	-0.0104591	0.0265687	0.00861575	-0.0192973	-0.00500341	0.00156163	0.0302605	0.00574855	-0.0038458	-5.93919e-06
NA20539	1	-0.010349	0.0268032	0.00740098	-0.0195285	-0.00535402	0.000792441	0.0331463	0.00868868	0.00140927	0.00295126
NA20587	2	-0.0104119	0.0268233	0.00829989	-0.0199722	-0.0049803	-0.00086768	0.0288815	0.00699836	-0.00111513	0.00173773
NA20753	2	-0.0104807	0.0264615	0.00818132	-0.0198673	-0.00591551	0.00452119	0.0333	0.00740726	-0.00275186	-0.000474218
NA20762	1	-0.0104558	0.0270507	0.00716239	-0.0197856	-0.00610483	0.00227503	0.0314927	0.0086662	0.00226831	-0.00179492
NA20769	2	-0.0103579	0.0270322	0.00820905	-0.0191476	-0.00753957	0.000260133	0.0297766	0.00869195	-0.00225427	-0.000550718
NA20801	1	-0.0105257	0.0268717	0.00880569	-0.0186484	-0.00427352	0.00392393	0.0294067	0.00837495	-0.00346665	-0.000221855
NA20810	1	-0.0102919	0.0265525	0.00814527	-0.0183193	-0.00592371	0.0028261	0.0362364	0.0081159	0.00159279	0.000507559
NA20847	2	-0.0111064	0.00768165	-0.0375205	0.0179062	0.00128545	-0.000640767	-0.000690736	0.00232958	-0.115822	-0.00102469
NA20852	1	-0.0111755	0.00926675	-0.0310191	0.0123373	0.00152655	0.00100687	-0.00594148	-0.000803354	-0.0133583	0.00457151
NA20853	2	-0.0110783	0.00704584	-0.0366705	0.0181324	0.00118123	-0.000887707	-0.00154931	-0.000791835	-0.100282	0.00329709
NA20861	1	-0.0111208	0.00709102	-0.0377229	0.018695	0.00192446	-0.000884021	-0.00223154	0.000149109	-0.101589	0.00182971
NA20863	1	-0.0109619	0.00735489	-0.0374933	0.0170594	0.00122243	-0.000544098	-0.000416701	-0.00203265	-0.10573	-0.0024011
NA20888	2	-0.0110835	0.00733085	-0.0375637	0.0172613	0.0052853	0.000309139	0.00317592	8.35451e-05	-0.107341	-0.000850194
NA20890	1	-0.0108334	0.0105959	-0.0272	0.0116048	0.00213824	-0.000765584	-0.00568867	-0.000695565	0.00458899	0.00265071
NA20896	2	-0.0110442	0.00668867	-0.0386934	0.0183548	0.00161383	-0.000125854	0.000562077	0.00143539	-0.105234	-0.00229796
NA20899	2	-0.0110733	0.00721445	-0.0377888	0.0165922	0.00328931	-0.001372	-0.00182909	0.000523149	-0.100437	0.00226473
NA21099	1	-0.0110968	0.00814746	-0.0363619	0.0157812	0.00180981	-0.00108255	-0.00174417	-0.000368078	-0.107726	0.000629797
NA21101	2	-0.010854	0.0075119	-0.0358774	0.0173279	0.00156191	-0.000757594	0.000120828	-0.00186878	-0.0761898	-0.00253538
NA21102	2	-0.0109966	0.00745115	-0.0380422	0.0179152	0.00282578	8.14671e-05	-0.00102595	0.000314928	-0.102314	-0.00113633
NA21103	2	-0.010823	0.00741341	-0.0375144	0.0177537	0.000430913	-0.00010354	-3.64693e-05	8.79578e-05	-0.111686	0.00473276
NA21110	2	-0.0110026	0.00780043	-0.0373171	0.016264	0.00168295	-0.00148727	-0.00198028	-0.000474448	-0.109784	0.00194137
NA21111	1	-0.0110335	0.00722504	-0.0356526	0.0162736	-0.000230835	-0.000850274	-0.00169459	-0.00127679	-0.0926154	0.000965848
NA21113	1	-0.0109251	0.00717952	-0.0378395	0.0170745	0.000421282	-0.000982714	0.0020545	0.000368325	-0.106911	-2.79319e-05
NA21114	1	-0.0109781	0.00745737	-0.0363558	0.0159589	-0.000812878	0.000148153	-0.0014866	0.00219246	-0.0935351	0.000451591
NA21117	1	-0.0110682	0.00747702	-0.0360296	0.0161753	0.0023569	-0.00141012	-0.00407689	0.00190455	-0.0927185	0.00132258
NA21120	2	-0.010925	0.00869546	-0.031655	0.0142779	-0.000311207	-0.000725624	0.0019489	-0.00105334	0.000250935	0.00166135
NA21124	1	-0.011092	0.00720194	-0.0373586	0.017691	0.00342053	-0.000240556	-0.00160179	0.000778124	-0.10679	0.00243415
NA21126	1	-0.0111279	0.00725526	-0.0380105	0.0176825	0.00148917	-0.000387531	-0.00285379	0.00113761	-0.103638	0.00111728
NA21142	2	-0.0110851	0.00736514	-0.0370959	0.0170504	0.000113857	-0.00125705	0.000610033	0.00168695	-0.114415	0.00295884
