IID	Sex	PC1	PC2	PC3	PC4	PC5	PC6	PC7	PC8	PC9	PC10
HG01879	1	-0.043156	-0.0200548	0.0240798	0.00811812	-0.00182132	0.00927294	-0.00589794	0.0097815	-0.00167252	0.0126369
HG01880	2	-0.125851	-0.0628283	0.0376967	-0.00718633	-0.00443806	0.0269332	-0.0253227	-0.00151773	-0.000650731	-0.0138728
HG01882	1	0.0010555	0.0092829	0.0204282	0.0100457	-0.00967072	0.00121165	-0.0207066	0.0055368	-0.00130877	0.00676499
HG01883	2	-0.0348834	-0.0181673	0.0287461	0.0150366	0.00564846	0.00755682	-0.0132439	-0.000659822	-0.0127936	-0.00225243
HG01885	1	-0.00618362	0.0012839	0.0185591	0.00411348	-0.00702466	0.00667583	-0.0027244	-0.0106722	0.00977127	0.00455005
HG01886	2	-0.025305	-0.0112279	0.0230327	0.0213856	-0.00194423	0.0193616	-0.00301432	0.00406935	0.00509998	0.00193915
HG01889	2	0.00411572	0.00571914	0.0175389	0.0106899	-0.00467867	-0.00520677	0.0068443	-0.00315901	0.00154583	0.011276
HG01890	1	-0.0279483	-0.0131489	0.025605	0.00816148	-0.0123357	0.0145908	0.00223738	0.00682638	-0.0144804	-0.0161399
HG01894	2	-0.0141062	-0.00387181	0.0239844	0.0158929	0.00524871	-0.00499889	-0.0062809	0.000894791	-0.00890839	-0.014885
HG01896	2	0.00360819	0.00680496	0.0228931	0.0131316	-0.00419938	-0.00843814	0.00128842	-0.00102084	0.00304461	-0.000138999
HG01912	1	-0.0199383	-0.00653585	0.0216105	0.0102582	-0.00217348	0.0038777	0.00415396	-0.00934098	-0.00280993	-0.0191197
HG01914	1	-0.0397962	-0.0192212	0.0260544	0.0077853	0.00160325	0.00677566	-0.00190938	-0.00540386	-0.0017259	-0.000832141
HG01915	2	-0.00938688	-0.00521286	0.0221217	0.0209826	-0.00470843	0.0107573	-0.00479341	-0.00961109	-0.0039175	-0.000156768
HG01956	2	-0.0128691	0.00340728	0.0231583	0.0123146	-0.0066085	0.0015537	-0.00113598	-0.0111612	-0.00788108	-0.00197992
HG01958	2	-0.0363998	-0.0158694	0.0271861	0.00620008	-0.0162364	-0.0110798	-0.0146241	-0.00561654	-0.000432792	-0.00739492
HG01985	2	-0.0111199	-0.00650468	0.0178714	0.00959218	-0.00329338	0.00316313	0.00720333	-0.00257466	0.00431486	0.00133685
HG01986	1	-0.0316891	-0.0116577	0.028902	0.0103786	0.00270267	0.0073295	-0.0195611	-0.00465784	-0.00513712	-0.00567279
HG01988	1	-0.136166	-0.0766816	0.0402337	0.00483884	-2.79539e-05	0.0232248	-0.00222027	-0.0187974	-0.00458341	-0.0128474
HG01989	2	-0.0385128	-0.0177952	0.0275167	0.0168349	0.00378626	0.00553877	-0.00449314	-0.003885	-0.0043416	-0.0138057
HG01990	1	-0.00923511	-0.00682344	0.0212375	0.0110257	-0.00241882	0.00294476	0.00500389	-0.00337328	0.000301102	-0.0178593
HG02009	1	-0.0368066	-0.0192004	0.0329726	-0.000732654	-0.00947858	-5.04409e-05	-0.00565	0.00160746	-0.00888692	-0.0015355
HG02010	2	-0.0399704	-0.0192672	0.0286716	0.0091222	-0.00276953	0.00700644	-0.00745698	-0.00693897	-0.00908606	0.00966494
HG02012	2	-0.0081294	-0.00214219	0.0227877	0.00594738	0.0127444	-0.00334795	-0.00512732	-0.0073721	-0.0027547	-0.000906286
HG02013	1	0.00529196	0.0123413	0.0233242	0.0166976	-0.000950105	0.00114049	0.00125474	0.00182882	0.00662661	-0.00425406
HG02014	1	-0.0276651	-0.0160687	0.0218109	0.00896696	0.00630759	-0.00140003	-0.00177956	0.0142131	-0.00113153	-0.00323482
HG02051	1	0.00624879	0.0087567	0.0176175	0.00888511	-0.00494464	-0.00333462	-0.00504138	-0.00664493	0.00744509	0.0115888
HG02052	2	0.00577161	0.0089498	0.0224843	0.0108135	0.00602399	-0.00025806	0.00241529	-0.00193291	0.00219831	-0.0203211
HG02053	1	-0.00701674	-0.000525213	0.0177322	0.0111121	-0.00551944	0.00820162	-0.00526247	-0.00564157	0.00449175	-0.0013131
HG02054	2	-0.0293122	-0.012796	0.0260891	0.00885166	0.013134	0.00392718	-0.00206077	0.0099949	-0.00310525	-8.47513e-05
HG02095	2	-0.00402671	0.00127014	0.0260513	0.0152484	-0.0048246	-0.00666972	-0.00633793	0.000303781	-0.00413209	-0.00757617
HG02107	1	0.00465996	0.000293449	0.016666	0.0191488	-0.00459188	0.00511008	-0.000737381	-0.00602581	-0.00891611	-0.0142967
HG02108	2	-0.0428304	-0.0225475	0.0265473	0.0128501	-0.000115043	0.0262897	0.0217988	0.0122749	-0.00357403	-0.0180127
HG02111	2	-0.0119758	0.00172709	0.0257058	0.006048	-0.0056113	0.000888528	-0.0028058	0.00686014	-0.00144028	0.00306997
HG02143	1	-0.0495894	-0.0254191	0.028324	0.012527	9.28176e-05	0.0116638	-0.0111782	0.00466933	0.00662037	0.00101145
HG02144	2	-0.00460684	-0.00148772	0.0213158	0.00926879	0.00247305	0.000774217	-0.00460287	-0.000961047	0.00448658	0.00561586
HG02255	1	-0.0106267	-0.00049306	0.0246674	0.00276862	-0.00111381	0.00718802	0.00872122	0.000258997	-0.00283549	-0.0135444
HG02256	2	-0.0587781	-0.0295797	0.0314884	0.00623929	-0.019301	0.0233671	0.00262597	-0.0010012	0.00165399	-0.0163078
HG02281	1	0.00231412	0.00772669	0.0254026	0.0150971	0.00578672	-0.00131616	-0.00850838	0.00360776	-0.00677983	0.00221768
HG02282	2	-0.0534772	-0.0280245	0.029513	0.0115103	0.00771591	0.0113569	0.00314455	0.00373134	0.000363303	-0.0158875
HG02283	1	-0.056298	-0.0260729	0.030696	0.00783202	-0.00963656	0.0172602	-0.000238222	0.00144558	-0.00447306	-0.00626735
HG02284	1	-0.0397977	-0.0198715	0.0227878	0.00589336	-0.00493572	-0.00319221	0.0082727	-0.0253569	-0.00109989	-0.00555005
HG02307	1	-0.00463224	-0.00478615	0.0216409	0.00786576	-0.00235124	0.00456847	-4.49335e-05	-0.0021551	0.0059974	0.0101639
HG02308	2	-0.022656	-0.00576931	0.0286908	0.00360895	-0.0110099	0.0113177	-0.0157634	-0.000612689	0.00575753	-0.00274474
HG02309	2	-0.0210802	-0.00652708	0.0225751	0.00723409	0.00245298	0.0108845	0.0150792	0.00486437	0.000981201	-0.00988225
HG02314	1	-0.00788968	-0.00165407	0.0260958	0.010703	-0.0135444	-0.000706996	-0.0028924	0.0100189	0.00244188	0.00672366
HG02315	2	-0.0293835	-0.0145107	0.0286121	0.0104038	-0.00800811	0.00239721	0.00537282	-0.00444996	-0.00747081	-0.00589676
HG02317	1	-0.00496945	0.00331045	0.0239781	0.00801869	-0.0050337	0.0112333	-0.00479182	-0.0125239	0.00435482	-0.00522478
HG02318	2	-0.00166194	0.00809903	0.0243481	0.00821289	0.00476575	0.000662713	0.00759453	-0.00488561	0.00724253	-0.0046425
HG02322	2	-0.0279051	-0.0119962	0.0280168	0.0123962	-0.00303246	0.00224733	-0.0130304	0.00129929	-0.00480885	-0.00130485
HG02323	1	-0.00589747	0.000364199	0.0269677	0.0111815	0.003374	-0.00908896	-0.00285037	0.00121313	-0.00177322	-0.00714027
HG02325	2	0.00435082	0.00660597	0.0191214	0.00826588	0.00273452	0.00426323	0.00331958	-0.00442276	-0.00858476	-0.005837
HG02330	1	-0.0230184	-0.00955541	0.0258543	0.00607211	-0.00848952	0.0114331	-0.00950557	-0.0110676	-0.00291129	0.0152197
HG02332	1	-0.0159001	-0.00858751	0.0257187	0.00902049	-0.00040039	0.0222425	-2.53409e-05	-0.00862495	0.0125153	-0.00308484
HG02334	1	-0.0673766	-0.03351	0.0332367	0.00246339	0.00883521	0.0086305	-0.0199975	0.0042636	0.000912522	-0.00734648
HG02337	2	-0.028463	-0.00974684	0.0264898	0.00670251	-0.0029484	0.00101329	-0.0113894	-0.0119982	0.00459069	-0.00473606
HG02339	2	0.00811128	0.0103468	0.0230091	0.014805	0.00244495	0.0129752	-0.0104412	-0.00112762	-0.00320741	-0.0152164
HG02343	1	-0.0605913	-0.0320655	0.0329054	0.0058753	-0.00711532	0.00742059	-0.0149037	0.0142826	-0.0118331	-0.0120997
HG02419	2	-0.0072872	0.00119417	0.0209129	0.000409776	0.00265726	0.00942878	0.00743039	-0.00200618	0.00745988	-0.00718664
HG02420	1	-0.131097	-0.0748703	0.0386916	-0.00582274	-0.000625876	0.00312813	0.003499	-0.00696027	-0.00768293	-0.0174822
HG02427	2	-0.0143817	-0.00679095	0.02415	0.00508178	0.00743701	-0.0101711	-0.00589037	-0.0111272	-0.00636706	-0.00236468
HG02429	1	-0.0201616	-0.0035312	0.0330219	0.049055	-0.629521	-0.275813	0.0846013	0.0117036	-0.00904139	0.0772435
HG02433	1	-0.0287085	-0.0117403	0.0260553	0.00857985	0.0015146	0.00410821	-0.0105879	-0.004015	0.00342146	0.00319847
HG02439	1	-0.00427744	-0.000704422	0.0239041	0.00819418	-0.0140191	0.0124823	0.00472906	0.00333971	-0.00807404	-0.00260279
HG02442	1	0.00879797	0.00728782	0.0217378	0.0120493	-0.00790612	0.0098643	0.000497051	-0.00966229	0.00333879	0.00199179
HG02445	1	-0.0431544	-0.0235359	0.0266956	0.00423572	0.00296248	-0.0104239	-0.0145471	-0.0045673	0.00865044	-0.0130104
HG02449	1	-0.0019354	0.003582	0.0303924	0.0148402	-8.13938e-05	0.0164088	-0.00223612	-0.0134942	-0.0114804	-0.0005792
HG02450	2	-0.0138058	-0.00377083	0.0230957	0.0140129	-0.00798055	-0.00580375	-0.00366389	0.00163482	0.00542487	-0.00697589
HG02455	1	-0.0355398	-0.0159729	0.025636	0.0105457	0.000837984	-0.00148102	-0.0151043	-0.00653122	0.00702226	-0.00458987
HG02461	1	0.0336535	-0.0578813	-0.041735	-0.0731499	-0.00679008	0.000312672	0.00322024	-6.27648e-05	0.00963221	0.0084358
HG02462	2	0.023693	-0.063174	-0.0402206	-0.0675459	-0.00910342	-0.00123543	-0.0122558	-0.00338752	0.00360601	-0.0126256
HG02464	1	0.0388491	-0.052462	-0.0379915	-0.0300909	0.002799	0.000500878	-0.0122495	-0.00277043	-0.00354444	0.00154313
HG02465	2	0.0365546	-0.0518536	-0.0335057	-0.0298486	0.00499495	-0.00647969	0.00726365	-0.00187207	0.00110314	0.00466897
HG02470	1	-0.00899092	-0.00283694	0.023694	0.0164711	-0.00192443	0.00121478	0.00735677	-0.00621278	-0.00786933	-0.00317635
HG02471	2	-0.0075972	-0.00229747	0.0226182	0.00921367	-0.000674613	0.00445179	-0.00878467	-0.00429786	-0.00733273	-0.00652029
HG02476	2	-0.0416568	-0.020971	0.0273924	0.000821392	0.00331261	0.00455742	-0.00182441	-0.00181242	-0.00186744	-0.00569731
HG02477	2	-0.0298867	-0.0127997	0.0281518	0.00719173	-0.00978424	0.0117356	-0.00271793	-0.00651554	-0.00805354	-0.00729382
HG02479	2	-0.0213975	-0.00595431	0.0346901	0.0493147	-0.627578	-0.271118	0.0818855	0.00867748	-0.00655159	0.0789573
HG02481	1	-0.0165819	-0.00566597	0.0221288	0.00623894	-0.0142676	0.00690951	-0.000713411	-0.00579858	0.00348891	0.00219946
HG02484	1	-0.0188118	-0.00816592	0.0258354	0.0254486	-0.0103748	0.00274187	-0.00758702	0.0131162	-6.08371e-05	0.00957388
HG02485	2	-0.0771724	-0.0376237	0.0313118	0.00358602	0.00288497	-0.00598147	0.00931784	-0.0152065	-0.00186707	-0.022862
HG02489	1	-0.0293213	-0.00753891	0.0279529	0.00522304	0.00358634	0.0136593	-0.0133631	-0.0025018	-0.000273739	-0.00849818
HG02496	1	-0.0114581	-0.00362131	0.0280989	0.0107415	-0.00587275	0.0118184	0.00825566	0.00749005	0.000837908	-0.00151562
HG02497	2	-0.00208943	0.00207825	0.0253303	0.00181473	-0.00890635	0.0034101	0.00315786	0.00170685	-0.00790404	-0.0144047
HG02501	1	-0.0604959	-0.0302269	0.0320366	0.00639678	-0.00922483	0.00482868	-0.0126006	-0.00860516	-0.0142338	-0.00505224
HG02502	2	-0.0501964	-0.0285196	0.0300072	0.0117988	-0.00782144	0.00903344	-0.0186356	0.00243724	-0.00247682	-0.0137494
HG02505	2	-0.0184447	-0.00359453	0.0268699	0.0130811	-0.00203326	-0.00131838	-0.00309716	-0.00303465	0.00838439	-0.0112619
HG02508	2	-0.0106132	-0.00162608	0.0238688	0.0110269	-0.00435171	-0.00850962	-0.00447412	0.0014732	-0.00891131	-0.00910071
HG02511	2	-0.00458769	0.00537754	0.0215324	0.00815326	0.0022914	0.000955568	-0.00220228	-0.0144272	0.00942864	-0.00202253
HG02536	1	-0.0502307	-0.0244151	0.0342143	0.00873485	0.0108984	0.00222583	0.00410566	-0.00191321	0.0115486	0.0230263
HG02537	2	-0.00122185	-0.00013018	0.0187429	0.019908	-0.00479773	0.00279047	0.0048794	0.000440023	0.00014214	0.00218849
HG02541	1	-0.0518395	-0.0219432	0.027019	0.00552409	-0.000877326	0.0161337	-0.00730199	0.00204557	-0.0122609	0.00120186
HG02545	1	-0.0188644	-0.00086724	0.0291183	0.0100281	-0.00320001	0.0238426	-0.0119306	-0.000258236	-0.00653843	0.00523332
HG02546	2	-0.013562	0.000667915	0.0217383	0.00709084	-0.00303941	0.00165304	-0.00839195	0.00805662	-0.000445802	0.0019333
HG02549	2	0.0032281	0.0112667	0.0267305	0.000776794	-0.00468281	0.00848298	-0.00554555	-0.00485221	0.00397108	-0.00250801
HG02554	1	-0.0255329	-0.00631955	0.0228941	0.0150447	-0.00469358	-0.00206722	0.00301523	0.00586989	-0.00616148	0.0100333
HG02555	2	-0.0221261	-0.00656597	0.0246989	-0.000504228	-0.00159162	0.0101866	0.00310487	-0.00763505	-0.00271328	-0.00974081
HG02557	1	-0.00722196	0.00165789	0.0242213	0.00285544	0.0061367	0.000890062	0.00576647	-0.00668717	-0.00157036	-0.00485675
HG02558	2	-0.0158066	-0.00612104	0.0245973	0.00405789	0.00256003	0.00406063	-0.00789091	-0.00366012	-0.0033595	-0.00663198
HG02561	1	0.0236766	-0.0518029	-0.0343081	-0.0279718	-0.00591584	-0.00907503	-0.00202892	0.00282976	-0.00578858	0.00855829
HG02562	2	0.029896	-0.0435941	-0.0269626	-0.0378542	-0.00899309	-0.0117606	-0.00383092	-0.000711764	0.000345441	0.00621818
HG02568	2	0.0263207	-0.052484	-0.0296578	-0.0461785	-0.00461275	0.00537596	-0.00475504	0.00256135	0.000782147	-0.0112362
HG02570	1	0.0318807	-0.0457457	-0.0273686	-0.0139062	0.0030185	-0.00179499	0.00349982	-0.00461428	0.000761518	-0.00320376
HG02571	2	0.033355	-0.052319	-0.0313361	-0.0323504	-0.00803602	-0.00333748	-0.000459184	0.00298367	0.00635888	-0.00369206
HG02573	1	0.027389	-0.0541195	-0.0323182	-0.040866	-0.00367403	-0.00322708	-0.0031811	0.000347224	0.000835823	-0.00219022
HG02574	2	0.021259	-0.0537018	-0.0298304	-0.0313792	-0.00270751	-0.00282644	-0.00634354	7.99467e-05	-0.00228655	-0.00863149
HG02577	2	-0.057428	-0.0297732	0.0295109	0.00446015	-0.0233563	0.00989905	-0.00787929	0.0158654	0.00212037	0.0124061
HG02580	2	-0.0354905	-0.0154617	0.0277742	0.00265877	-0.00751668	9.95559e-06	-0.00090086	-0.00451125	0.00241143	-0.011168
HG02582	1	0.0341727	-0.054296	-0.0373149	-0.0446469	-0.000586647	-0.00600798	-0.00489523	-0.00801169	0.00430688	0.0018063
HG02583	2	0.0360467	-0.0535978	-0.0392006	-0.0382682	-0.00352608	0.00783033	0.00275056	0.0113218	-0.00987921	0.00593076
HG02585	1	0.0383982	-0.0604382	-0.0422825	-0.0565734	0.00296956	0.00361532	-0.0126575	0.00592245	0.00425473	-0.00251876
HG02586	2	0.0332526	-0.0556059	-0.0362263	-0.0537671	-0.000352936	-0.00105836	-0.00187865	-0.00267716	0.00843486	0.00256607
HG02588	1	0.0306342	-0.051642	-0.0332588	-0.0383748	-0.00873959	0.00408801	0.00177806	0.00594603	-0.00669547	0.00263169
HG02589	2	0.0312006	-0.0521551	-0.0342323	-0.043414	-0.00265824	-0.00365238	-0.00296028	0.00524661	0.00394696	0.00354741
HG02594	1	0.0312393	-0.0516565	-0.038001	-0.0599129	-0.0050866	-0.0016504	0.00628024	0.000366976	0.00541221	0.000222754
HG02595	2	0.0325284	-0.0540115	-0.0368096	-0.0444418	-0.0115425	0.00820345	0.000185383	0.00332807	-0.00147518	-0.00465054
HG02610	1	0.0328149	-0.0573644	-0.0382284	-0.0731945	-0.00985038	-0.00322269	-0.00192934	-0.0032746	0.00192039	-0.00584465
HG02611	2	0.0380956	-0.063305	-0.0473119	-0.0794433	-0.00519731	-0.00341171	-0.00173566	-0.00511319	0.00427915	0.000122995
HG02613	1	0.0230451	-0.0555941	-0.0301699	-0.0389976	0.00174184	-0.0016498	0.00251259	-0.00154888	0.00381724	-0.000826155
HG02614	2	0.0198454	-0.0568522	-0.0314298	-0.0351604	-0.00065141	0.00444219	-0.00708011	0.00242222	-0.00606541	-0.00935031
HG02620	1	0.0338893	-0.0485547	-0.030041	-0.0171879	-0.00233172	-0.000862365	0.00858138	-0.00564843	-0.00307103	0.00530427
HG02621	2	0.0331542	-0.0473189	-0.0326022	-0.0156917	0.00470484	0.00358108	0.00509539	0.00286921	0.00713957	-0.00439125
HG02623	1	0.0366775	-0.0610197	-0.045504	-0.0796374	-0.0074085	-0.00606395	-0.0149509	0.00451805	0.00119192	-0.00511454
HG02624	2	0.0389611	-0.0582301	-0.0417204	-0.0715679	-0.0127538	0.00137473	0.0084145	-0.00730708	-0.00749838	-0.00368591
HG02628	1	0.0359553	-0.052102	-0.0379502	-0.0269434	0.000773463	0.00660688	-0.00799865	0.0036721	-0.00500699	-0.00251554
HG02629	2	0.0346103	-0.0541063	-0.0360153	-0.0340902	0.0017676	-0.000690711	-0.000965158	-0.00394033	0.000508165	0.00367808
HG02634	1	0.0277217	-0.0460531	-0.0278275	-0.0284466	-0.00267119	0.00321432	0.00713678	0.00348596	0.00801353	0.00259961
HG02635	2	0.0247691	-0.0366903	-0.0254347	-0.0116046	0.00441594	0.00708886	0.000767806	0.00117843	-0.00353113	0.00597353
HG02642	1	0.0309443	-0.0542843	-0.0407522	-0.0666173	-0.0149431	0.00077362	-0.00390021	0.00611637	-0.00743692	0.00225619
HG02643	2	0.0280262	-0.0495863	-0.0269845	-0.0493275	-0.000423946	0.00134046	0.0030812	0.00124542	0.00202218	0.000755214
HG02645	1	0.0359861	-0.0612801	-0.048257	-0.0687082	-0.00699928	0.00318595	0.00680664	0.00423839	0.00991327	-0.00282685
HG02646	2	0.0370485	-0.0607286	-0.044503	-0.0591374	-0.00235332	0.00591884	-0.00835337	0.0087918	0.000895465	-0.000688182
HG02666	1	0.0365691	-0.0613247	-0.0414275	-0.0644404	-0.00397196	-0.000271806	0.00476241	0.00403514	-0.00135435	0.00515239
HG02667	2	0.0330973	-0.0564194	-0.0401483	-0.0657914	0.00130111	-0.0107724	-0.000565186	0.000672175	0.00623691	0.00082784
HG02675	1	0.0329486	-0.0515587	-0.0345957	-0.0506195	-0.00653821	-0.013648	0.0019483	0.00293292	-0.00477034	-0.0014755
HG02676	2	0.0256887	-0.0536163	-0.0289904	-0.0337243	0.00385888	-0.000119769	0.00838726	0.00497872	0.00700566	-0.00559522
HG02678	1	0.0275804	-0.0564537	-0.037767	-0.0497209	-0.00671679	0.00362448	-0.000497043	0.00290257	0.00579793	0.00338988
HG02679	2	0.0334383	-0.047874	-0.0357135	-0.0396394	-0.00640781	-0.00136545	0.00214737	0.00309074	-0.00952345	-0.00894671
HG02702	1	0.0257363	-0.0568722	-0.028257	-0.0432614	-0.00353785	-0.00270225	0.000379665	-0.0023677	0.00377316	-0.00457367
HG02703	2	0.0367141	-0.0572216	-0.0408389	-0.055891	-0.00706111	0.000547936	0.00430254	0.00783634	0.00774746	0.00247547
HG02715	1	0.0325052	-0.0519412	-0.0363199	-0.0354663	-0.00519283	0.00446728	0.00105975	0.00284933	0.000261941	-0.0101041
HG02716	2	0.0350966	-0.0507907	-0.0338583	-0.0295155	-0.00472186	-0.0123166	-0.00165119	-0.000677908	0.00157836	0.00698651
HG02721	1	0.0313731	-0.0544415	-0.0348211	-0.0356138	0.00361353	0.00722346	0.00124164	0.00680883	0.00362361	-0.00173607
HG02722	2	0.0326276	-0.0447475	-0.0267959	-0.0125149	0.00437598	0.000893444	-0.000427984	-0.00723626	-0.00297047	0.00869841
HG02756	1	0.0371459	-0.0580482	-0.0407868	-0.0518464	-0.00747167	-0.000202408	0.00452611	-0.00425904	0.00445972	-0.000759876
HG02757	2	0.0349137	-0.0579113	-0.0374549	-0.0524118	-0.00519388	0.00903383	-0.00657503	0.000614671	-0.00116041	-0.00241891
HG02759	1	0.0317887	-0.0502975	-0.0307863	-0.0375917	-0.00865024	0.000608424	0.00374293	0.0106653	-0.00176182	0.00423844
HG02760	2	0.0290559	-0.0512032	-0.0288476	-0.0363434	0.00683834	0.00826352	0.00970108	-4.76169e-05	-0.00286654	0.000264174
HG02763	2	0.0356268	-0.0581264	-0.0358483	-0.0523459	0.00155198	0.000801434	0.00341836	-0.000674075	-0.00180258	0.00405599
HG02768	1	0.0335051	-0.0494276	-0.0347463	-0.0267148	-0.00290619	-0.00471302	-0.00685774	0.00296877	-0.00141679	0.00901837
HG02769	2	0.0294017	-0.0478112	-0.0306845	-0.0280274	0.000557934	0.00412187	0.000272009	-0.000185674	-0.0040945	0.00396498
HG02771	1	0.036579	-0.0498028	-0.0317196	-0.017039	0.00177614	-0.00285966	-0.0032856	0.000950477	-0.000849976	-0.00720066
HG02772	2	0.0367125	-0.0544357	-0.0380988	-0.0361519	-0.00608566	0.00105403	-0.00573514	0.00287931	0.000170619	-0.00253208
HG02798	1	0.0355848	-0.0513983	-0.0370765	-0.0389555	0.00105922	-0.00351398	0.00711654	-0.00249119	0.00967123	0.00420836
HG02799	2	0.03088	-0.0505541	-0.0328058	-0.0227084	0.000279167	-0.00360022	-0.0111873	0.00264828	0.00449391	0.00111909
HG02804	1	0.0369367	-0.0533555	-0.0421381	-0.0309798	0.00266562	0.00355054	-0.0031986	0.00460474	-0.00193	0.00205144
HG02805	2	0.0385493	-0.0551856	-0.0428886	-0.0274221	-0.00282226	0.00971745	-0.00548165	-0.000326369	0.00232867	-0.00555557
HG02807	1	0.0250356	-0.0495863	-0.030367	-0.0475143	-0.0046452	-0.00753446	0.0063319	-0.00139277	0.010663	-0.00404845
HG02808	2	0.0321797	-0.0570374	-0.0355295	-0.0479957	8.94467e-05	-0.00140326	0.0023221	0.00526903	-0.00399118	0.0076458
HG02810	1	0.00476083	-0.0561932	-0.0245756	-0.0276009	-0.00112159	0.00142746	-0.00155332	0.00119139	0.00268143	0.0118895
HG02811	2	0.0362402	-0.0536003	-0.0383004	-0.0372155	0.00422219	0.00620404	0.000962558	-0.011892	0.00764039	-0.00114514
HG02813	1	0.0355015	-0.0611663	-0.0415015	-0.0730453	-0.00253706	-0.0044742	-0.00386315	0.0035669	-0.00249923	-0.00495644
HG02814	2	0.0323423	-0.0483996	-0.0327185	-0.036016	-0.012369	-0.00982582	-0.00400933	0.00516052	0.00554906	0.00518467
HG02816	1	0.031818	-0.0538217	-0.0360068	-0.0439973	0.00284059	-0.00326559	0.00124708	0.011664	-0.00367168	0.0129718
HG02817	2	0.0267425	-0.0528131	-0.035469	-0.0430824	-0.00919143	-0.00520566	0.0057914	0.00287401	-0.000851806	-0.00338742
HG02819	1	0.0365413	-0.0519779	-0.0366273	-0.0334386	-0.00462895	0.000773101	-0.00232028	-0.000540033	0.00237673	0.00299664
HG02820	2	0.0351575	-0.0514208	-0.040539	-0.030397	-0.00217978	-0.00386353	0.000353105	-0.00290766	0.00322747	0.00751614
HG02836	1	0.0297294	-0.0562433	-0.0369208	-0.0537139	-0.00842293	0.000461013	0.00427338	0.0116012	0.0080619	0.00745364
HG02837	2	0.033399	-0.0565746	-0.0401625	-0.0540299	-0.0158291	0.000925313	0.00760236	0.00454905	-0.00254543	-5.2751e-06
HG02839	1	0.0333703	-0.0592367	-0.0416509	-0.0579987	-0.00555508	0.000110063	-0.00187135	-0.00409222	0.0044823	3.2461e-05
HG02840	2	0.0300605	-0.0500736	-0.0319122	-0.0461976	-0.00192218	-0.00139899	0.000746314	0.00479106	-0.00244155	0.00111012
HG02851	1	0.0280618	-0.0354508	-0.0149758	-0.00107588	0.00162422	-0.00557884	0.0095396	-0.0065524	-0.00283903	-0.00641181
HG02852	2	0.0309864	-0.0615701	-0.0405686	-0.0628599	-0.00482841	0.00400367	0.00100292	-0.000206577	-0.00173647	-0.000378537
HG02854	1	0.0330487	-0.0427132	-0.0295952	0.00171128	0.000118999	-0.00430244	-0.00172011	0.00215408	-0.00420696	-8.1948e-05
HG02855	2	0.0326756	-0.0573972	-0.0398716	-0.0592016	-0.00562345	6.30227e-05	-0.00441122	-0.00294604	-0.00513619	0.00251323
HG02860	1	0.0344521	-0.0555457	-0.0381435	-0.0578708	-0.00594086	0.00224597	-0.00200761	0.00181091	0.00372765	-0.0114881
HG02861	2	0.0325431	-0.0595705	-0.0458236	-0.0661954	-0.00726207	-0.00198976	-0.00205148	-0.000442993	0.0055219	0.00497765
HG02870	2	0.0298871	-0.0504582	-0.0339141	-0.0387845	-0.00338012	-0.00243765	0.00669858	-0.00582425	0.0015402	-0.00129515
HG02878	1	0.0341837	-0.0617273	-0.0401925	-0.0656611	-0.00436571	-0.00174574	0.00614681	0.00145694	-0.00300787	0.00936752
HG02879	2	0.0325695	-0.0540761	-0.0395277	-0.049318	-0.0124517	-0.00952799	0.00339689	0.00361329	-0.00484168	0.00541252
HG02881	1	0.0363305	-0.0497864	-0.0343183	-0.0277793	-0.00133195	-0.00400496	0.00218801	0.00945454	0.0101455	0.000669505
HG02882	2	0.0340581	-0.0524866	-0.0387122	-0.044489	-0.00894711	0.00435829	0.00764097	-0.00650202	-0.00946981	0.000157203
HG02884	1	0.0314035	-0.0517965	-0.0374145	-0.0411572	-0.00318296	0.00278521	-0.00188345	0.00789168	-0.00609237	0.00639151
HG02885	2	0.0310106	-0.0546736	-0.0365041	-0.0502897	0.000153094	0.0040879	-0.00265274	0.00157906	0.000498919	-0.00731701
HG02887	1	0.037122	-0.0573477	-0.0461353	-0.0715285	-0.00583366	0.00409188	0.00245806	0.000758522	0.00552223	-0.00643261
HG02888	2	0.0313121	-0.0550654	-0.0391599	-0.0512958	-0.00448685	0.00371823	-0.00464697	0.00309645	-0.00275509	0.0025996
HG02890	1	0.0276537	-0.04919	-0.0263567	-0.023451	0.0034304	0.00334486	-0.00682817	-0.0032596	-0.00729683	0.00381398
HG02891	2	0.0308587	-0.0488003	-0.027731	-0.0231145	0.000362699	0.00180588	0.0150917	-2.93454e-05	-0.00394012	0.00479234
HG02895	1	0.0367956	-0.0636621	-0.0457256	-0.079871	-0.0106404	-0.0100389	0.000222088	-0.00309139	0.00165188	-0.00032614
HG02896	2	0.0361328	-0.0635652	-0.0478203	-0.0914699	-0.0136849	-0.00504978	0.0057005	-0.00876399	-0.00577785	0.00446903
HG02922	2	0.0212176	0.0348049	0.0431525	-0.0257543	0.00739757	0.00871189	-0.00705605	-0.000430078	-0.00758728	-0.00160137
HG02923	1	0.0177197	0.0309728	0.0442367	-0.0323975	0.00306024	0.00365172	-0.0112394	0.000655577	-0.00474771	0.00522025
HG02938	1	0.0186003	0.0329423	0.0421516	-0.0208991	0.000609725	-0.00946767	-0.000505138	-0.00342049	5.19118e-05	-0.000396797
HG02941	1	0.0167703	0.0319986	0.0386767	-0.024863	0.012146	-0.000108386	-0.00205312	-0.00679221	0.00356193	0.0089345
HG02943	2	0.0181148	0.0314751	0.0416072	-0.0217894	-0.00224344	-0.00131203	-0.000315035	0.00234313	0.00139703	0.00407347
HG02944	1	0.017625	0.0344135	0.0422998	-0.0257499	0.000316635	-0.0039255	-0.000967502	0.000142158	0.00287643	-0.012194
HG02946	2	0.0191582	0.0335439	0.0418669	-0.0249307	0.00339708	-0.00744676	-0.00590084	-0.00665924	0.00964932	-0.00829768
HG02947	1	0.0166824	0.0326866	0.0362906	-0.0190887	0.0067569	-0.00157649	-0.00698561	0.00390873	0.0105674	-0.00240271
HG02952	2	0.0188531	0.033712	0.0404444	-0.0223337	-0.000671309	0.0123585	-0.00770824	-0.00378571	-0.000433538	-0.0024844
HG02953	1	0.0164716	0.0343459	0.0417633	-0.0227866	0.00351389	-0.0045418	0.00390618	-0.00854107	0.00854332	0.00537379
HG02968	1	0.0183682	0.0296978	0.0387396	-0.0197442	-0.00411096	0.000798518	-0.00487175	0.00360718	0.00164579	-0.0042779
HG02970	2	0.0190641	0.0343455	0.037662	-0.0226782	0.00686003	-0.00548958	-0.00815655	-0.00637709	-0.00215246	-0.00686631
HG02971	1	0.0180728	0.0359727	0.0409299	-0.0267458	-0.00278736	0.00559187	-0.00589403	-0.00962737	0.00417269	-9.53248e-05
HG02973	1	0.0187005	0.032503	0.0389033	-0.0293841	0.0017723	0.00890724	-0.00316574	0.002632	0.00072683	-0.00155943
HG02974	2	0.0168337	0.0348247	0.0420286	-0.0275257	-0.00957209	0.00570868	0.00499465	-0.00238162	0.0064227	0.00750113
HG02976	2	0.0186183	0.0264849	0.0355429	-0.0127297	0.000892543	0.00652752	0.00763017	0.0015567	-0.00457875	0.00377548
HG02977	1	0.0176322	0.035881	0.0456118	-0.0242066	0.00133652	0.00445115	-0.00617829	0.00365317	-0.00496257	-0.000532769
HG02979	2	0.0141087	0.0306893	0.0246161	-0.00741345	-0.00106097	-0.000639237	-0.0021112	-0.00622317	0.0113277	0.00438491
HG02981	1	0.0182997	0.0314641	0.0388009	-0.0194885	0.00305905	0.00118198	-0.0083766	-0.00804057	-0.000203661	-0.00205107
HG02982	1	0.0341195	-0.0543543	-0.0397736	-0.0529875	-0.00282001	-0.0076571	-0.00119773	0.00404009	0.000389281	0.00449368
HG02983	2	0.0333604	-0.0570958	-0.0378252	-0.0522729	-0.00343151	0.00126267	0.00282383	0.00294946	0.00830137	0.0010329
HG03024	1	0.0356494	-0.052315	-0.0391394	-0.032988	-0.00422013	-0.0062075	0.0031045	0.00200849	-0.00712529	0.0056674
HG03025	2	0.0360778	-0.049129	-0.0368157	-0.0278154	0.00424503	-0.00662841	-4.63611e-05	-0.000966414	-0.0067312	-0.00536467
HG03027	1	0.0344292	-0.0513462	-0.0377151	-0.0337227	-0.00845132	0.00286036	0.000985013	0.00369639	-0.00664231	-0.00134163
HG03028	2	0.0341788	-0.0499529	-0.0376485	-0.0290807	-0.00226032	0.0104337	0.000395924	-0.00644366	0.00445628	0.0110566
HG03039	1	0.0320123	-0.0441766	-0.0260897	-0.0278479	-0.00624832	-0.00441622	-0.00505178	0.000964203	-0.00243556	0.00233733
HG03040	2	0.0277839	-0.0240197	-0.00872161	0.00199022	0.00206129	0.00208343	0.00291474	0.0103071	-0.00126963	-0.00182139
HG03045	1	0.0257817	-0.0488713	-0.0312181	-0.0386815	-0.00738884	0.00864367	0.00934033	0.000470502	-0.00604445	0.00812152
HG03046	2	0.0288841	-0.0503814	-0.0325257	-0.0311886	0.00635563	0.00499189	0.00477264	-0.00844094	-0.00176842	0.00624027
HG03048	1	0.0328214	-0.0536485	-0.0378426	-0.0586823	-0.00350923	-0.00146397	-0.00429178	0.00211281	-0.00623512	0.00465165
HG03049	2	0.0352937	-0.0570349	-0.041501	-0.0591834	0.00699733	-0.00251104	0.0087486	0.000655719	-0.00672364	0.00172469
HG03052	2	0.0323591	-0.0212761	-0.0102127	0.0838402	0.0140148	-0.000874854	-0.0021288	0.0125936	-0.000391058	-0.00145654
HG03054	1	0.035333	-0.025164	-0.00749095	0.100373	0.0120288	0.00752647	-0.00388831	0.000295265	0.00137971	-0.00116147
HG03055	2	0.03067	-0.020036	-0.0112395	0.0856714	0.00612219	0.00519641	-0.000640551	-0.0112016	-0.00554667	0.00462929
HG03057	1	0.033395	-0.0221314	-0.0105846	0.0929693	0.0158015	0.00417544	-0.00141306	0.00210097	0.0052033	0.00019602
HG03058	2	0.0321547	-0.0226574	-0.00716107	0.0726009	0.00743254	0.00388087	-0.00344365	-0.00744473	-0.00356327	-0.0026312
HG03060	1	0.0318393	-0.0197125	-0.00839352	0.0758587	0.0080389	0.00838998	0.00444158	-0.00496897	-0.00704938	-0.00242256
HG03061	2	0.0321742	-0.0237547	-0.00966038	0.0712282	0.00624611	-0.0112606	-0.00897901	-0.00024052	0.00225921	0.0132262
HG03063	1	0.033477	-0.0243505	-0.010362	0.0681213	0.0135401	0.00571149	0.00369137	-0.00144482	-0.0101571	0.00104971
HG03064	2	0.0315675	-0.0188772	-0.00691158	0.0790931	0.00510494	0.0104442	-0.0051408	-0.00383613	0.00023882	-0.00506078
HG03066	1	0.0323535	-0.0198907	-0.009317	0.0807339	7.55907e-05	0.00922022	-0.0143981	-0.00537792	-0.00168303	0.000186444
HG03069	1	0.0344439	-0.0220472	-0.00884567	0.088782	0.00969659	0.0126177	-0.00559891	0.000398624	-0.00111827	-0.00778275
HG03072	1	0.0339151	-0.0249873	-0.0115766	0.0723763	0.00640141	0.00363686	-0.0018811	0.00243194	-0.00950845	0.00934934
HG03073	2	0.0332532	-0.0277881	-0.0125025	0.100726	0.0165414	-0.00602686	-0.0109037	-0.010786	-0.00846417	-0.00629699
HG03074	1	0.0345594	-0.0223143	-0.00838247	0.0888629	0.0149322	0.00291657	-0.0018915	0.00376649	0.00178313	-0.000854532
HG03077	1	0.0322025	-0.0201981	-0.00638853	0.071071	0.00743928	-0.00944971	0.00100697	-0.00107834	0.00286384	0.00400847
HG03078	1	0.0314519	-0.0243696	-0.0084739	0.0854826	0.00975002	-0.00519237	0.00139184	0.00310123	-0.00298695	0.00165205
HG03079	2	0.0329594	-0.022554	-0.0112622	0.0865246	0.0028928	0.00786911	-0.00420067	0.0011287	-0.00981286	-0.00654238
HG03081	1	0.0305361	-0.0185497	-0.0086704	0.0796096	-0.0007648	-0.0020143	-0.00931054	0.000902018	-0.00565068	0.00724756
HG03082	2	0.0328607	-0.0263168	-0.0109458	0.0747225	0.0140712	-0.00106807	0.00318682	0.00171719	0.00921638	-0.00232162
HG03084	1	0.0305909	-0.0224068	-0.010854	0.0746767	0.0105277	0.000419296	-0.00103488	-0.00208812	0.00335012	-0.00500728
HG03085	2	0.0313438	-0.018787	-0.00551195	0.0877381	0.00104265	-0.00133811	0.00200785	0.0049988	0.00525286	-0.00243971
HG03086	2	0.0309851	-0.0209658	-0.00380508	0.0851715	0.00255724	0.00237358	0.00182689	-0.000631065	-0.0026957	-0.00229786
HG03088	2	0.0300939	-0.0327193	-0.013325	0.0300879	0.0132073	0.00597628	-0.00681613	-0.00510842	-0.00277777	0.00161487
HG03091	2	0.0319221	-0.0196497	-0.0111996	0.0803661	0.0109164	0.00233239	-0.00811865	-0.00198811	-0.00035991	0.0016804
HG03095	2	0.0322438	-0.0224898	-0.00891061	0.0778689	0.00277755	0.00201466	0.000565415	-0.0101117	-0.00229263	-0.00527217
HG03096	1	0.0303093	-0.0230863	-0.00768328	0.0796108	0.0104471	-0.00556864	0.00357126	0.000240378	-0.00482209	-0.0105146
HG03097	2	0.0342391	-0.022251	-0.00964462	0.113746	0.015361	-0.0030015	-0.00554385	-0.00036517	-0.0110356	-0.00244841
HG03099	2	0.0187642	0.0379285	0.0428814	-0.0202119	0.00479545	-0.000916472	-0.0131096	0.000442091	-0.00759133	0.00392065
HG03100	1	0.0162929	0.0335619	0.0403943	-0.0268696	-0.00646779	0.00270143	-0.00613782	-0.00494155	-0.00608347	0.0075086
HG03103	1	0.0182387	0.0323836	0.0427087	-0.0255827	0.00285678	0.00309793	-0.0103807	-0.00357686	-0.00236826	-0.00592733
HG03105	2	0.0187087	0.0352624	0.0418293	-0.0233826	0.000563906	-0.00759276	-0.00047147	-0.00218781	-0.00406302	0.0025605
HG03108	2	0.0200371	0.0348191	0.0444204	-0.0343492	0.00651976	-0.00293552	-0.00712314	0.00322426	0.00962341	0.00319347
HG03109	1	0.0182134	0.0323551	0.0414134	-0.0286143	0.00929124	-0.000727747	-0.00152428	0.00286831	0.00143673	0.00450041
HG03111	2	0.0162896	0.0345287	0.0329475	-0.0197417	-0.000791086	0.0102464	0.00383564	-0.000899804	0.000425341	-0.0047331
HG03112	1	0.0152614	0.0354188	0.0375201	-0.0136287	-0.00866552	-0.00108842	-0.0021613	-0.00164765	-0.000910655	0.00172238
HG03114	2	0.0172806	0.034837	0.04746	-0.0234156	0.00722551	0.00477731	-0.00181389	0.00251358	-0.00244764	-0.0123046
HG03115	1	0.0184498	0.0308365	0.0383574	-0.0214047	0.011886	0.00978816	0.00173685	-0.00138699	0.00795095	0.00812972
HG03117	2	0.0172483	0.0347926	0.0415167	-0.0294704	0.00505813	0.00372966	-0.00524497	-0.00323261	0.00102123	0.0028737
HG03118	1	0.0174057	0.0318943	0.0411406	-0.0211072	0.00150944	0.00857045	-0.00503167	0.00622419	0.00329889	0.00359121
HG03120	1	0.0176222	0.034352	0.0407336	-0.0305902	0.00172723	-0.0034036	-0.00656524	-0.00387429	0.00327505	-0.00449859
HG03121	2	0.0172903	0.0357419	0.0397448	-0.0332518	0.00889591	-0.00743717	-0.00586342	-0.0075279	0.00191328	0.000654323
HG03123	2	0.0172879	0.0367976	0.0430576	-0.0244603	-0.00364428	0.00792515	-0.00904037	0.00399931	0.0038421	0.00361136
HG03124	1	0.0201163	0.0299796	0.0401705	-0.0184629	0.00624051	-0.000641785	-0.00462821	0.000473997	-0.00377062	-0.00831041
HG03126	2	0.0172315	0.0313634	0.0421275	-0.0265547	0.00605504	0.000243275	-0.0032667	-0.00325187	-0.00441925	0.000388705
HG03127	1	0.0160774	0.0326948	0.0391505	-0.0207935	-0.00380451	-0.00142074	0.00327777	0.00556088	0.0004725	-0.00971728
HG03129	2	0.0177356	0.0333552	0.0401388	-0.0184598	0.00369802	-0.00316587	0.00658517	-0.00104547	0.00742568	-0.00218825
HG03130	1	0.0180554	0.0334607	0.04251	-0.0227915	0.0173622	-0.00017971	-0.00119511	0.00241734	0.0104929	-0.00499766
HG03132	2	0.0177883	0.033148	0.0383204	-0.0154765	0.00828817	-0.00284607	-0.00717941	-0.000269622	0.00601817	0.00473996
HG03133	1	0.0175075	0.0324006	0.0440206	-0.0274068	0.00459798	0.0141778	-0.00917661	0.00795533	0.00690563	-0.00541569
HG03135	2	0.0172164	0.0331531	0.0368851	-0.0249313	-0.00126519	-0.00484128	0.00691092	-0.00208083	0.00381745	-0.00103794
HG03136	1	0.0169327	0.0329525	0.043013	-0.0269625	-0.00111225	0.00162657	0.00209752	-0.000535845	-0.00242876	-0.0107876
HG03139	1	0.0165787	0.035975	0.041554	-0.0201044	5.61518e-05	0.00288551	0.00366265	0.000860951	0.00120861	-0.00110654
HG03157	1	0.018756	0.0342742	0.0405274	-0.0217286	-0.0106827	0.00134771	-0.00561474	0.00220348	-0.00500522	-0.000357618
HG03159	2	0.019893	0.032792	0.0364744	-0.0252737	-0.00234893	-0.00277482	-0.000212923	0.00442327	-0.00415831	-0.00171422
HG03160	1	0.0159217	0.0340989	0.0396206	-0.0255284	-0.00662707	-0.00531674	-0.00441599	-0.000183077	0.00451643	0.00192774
HG03162	2	0.0178491	0.0371255	0.0413574	-0.0312607	0.0106274	-0.00219851	-0.00266293	-0.00155119	-0.0045934	0.00208702
HG03163	1	0.0165255	0.0353377	0.0412246	-0.0283464	0.0133082	-0.00180115	-0.00555649	0.00974562	0.00276407	0.00450421
HG03166	1	0.0191451	0.0371531	0.0436323	-0.033379	0.00421481	0.0139549	-0.00112225	-0.00453009	-0.00173988	-0.00724585
HG03168	2	0.014921	0.0329616	0.0366594	-0.0289068	0.000269921	-0.000219069	0.00373781	-0.00691511	-0.00194157	0.00749203
HG03169	1	0.0157322	0.0328976	0.037692	-0.0229299	0.011228	-0.00743318	0.00651987	0.00348916	0.00336446	-0.00131124
HG03172	1	0.0142817	0.0295466	0.0392947	-0.0186199	0.00803528	0.00755277	-0.00471311	-0.0090327	-0.00449216	-0.0112433
HG03175	1	0.0220477	0.0346771	0.0459684	-0.0200035	-0.00179005	-0.00717403	-0.00428444	-0.000585298	-0.00297344	0.00944778
HG03189	2	0.0189418	0.0339604	0.0387664	-0.0227578	0.00436441	0.00491353	0.000274299	-0.010665	0.000811615	-0.00368346
HG03190	1	0.0176969	0.0352476	0.0393479	-0.0284249	0.0126991	-0.00820723	-0.00836841	-0.000245157	-0.00451976	-0.00508465
HG03193	1	0.0170191	0.0342866	0.0414053	-0.0337131	-0.00205168	0.00358925	-0.000894103	-0.00133102	0.00439689	-0.00404989
HG03195	2	0.0184512	0.0315899	0.0376284	-0.0248001	-0.0006713	-0.00097311	-0.00376735	-0.00115855	0.00436614	-3.38892e-05
HG03196	1	0.0152838	0.0346516	0.0400615	-0.0258515	0.00253886	0.000480576	-0.0123713	-0.000758761	0.000591991	0.00172585
HG03198	2	0.0153161	0.0348537	0.0425121	-0.0249482	0.00277213	0.0155333	-0.0039895	0.00929012	0.0107893	0.0102394
HG03199	1	0.0186139	0.0330034	0.0417024	-0.0288411	0.00328632	0.00473647	-0.00437121	-0.00428759	1.58707e-05	0.00855675
HG03202	1	0.0131689	0.0376584	0.0410732	-0.0293971	0.00934641	0.000367757	0.000947216	0.0032838	-0.00152607	0.00224425
HG03209	1	0.033933	-0.0188787	-0.0074942	0.0806284	0.000858862	0.00410792	0.000212909	-0.00449996	0.00400386	-0.00811738
HG03212	2	0.0329321	-0.0201675	-0.00701841	0.0833174	0.00946494	0.00616873	0.00366726	-0.00474327	-0.000482864	-0.00221395
HG03224	1	0.0310551	-0.021485	-0.00519736	0.0931042	0.000110723	-0.0054628	0.00358494	0.00492534	-0.000373206	-0.00191618
HG03225	1	0.0320529	-0.0206413	-0.00906831	0.0805692	0.00106952	0.0058718	-0.000938952	-0.00700608	-0.0036174	-0.00741578
HG03240	1	0.0367291	-0.0547962	-0.0375855	-0.0404718	-0.00328496	-0.0039308	-0.00623088	-0.00102163	-0.00515701	-0.00425313
HG03241	2	0.0371282	-0.0486679	-0.0342131	-0.0332165	-0.000614184	-0.00491337	-0.00846464	-0.0127991	-0.00758873	-0.00127739
HG03246	1	0.0295573	-0.0599171	-0.0377706	-0.0607903	-0.0154247	0.00277994	-0.00657484	-0.0100574	0.00426132	0.00930435
HG03247	2	0.0320746	-0.0482037	-0.0284213	-0.0429461	-0.00649045	0.0015319	0.0024704	0.00536236	0.00104392	0.0055031
HG03258	1	0.0338915	-0.0555985	-0.0353772	-0.0516196	-0.00199051	-0.00098843	0.00357919	0.00563136	0.0110291	0.00750797
HG03259	2	0.0306596	-0.057288	-0.0414312	-0.050541	-0.00274549	0.00743574	-0.00079501	-0.000807423	0.000159886	0.000246632
HG03265	1	0.0198576	0.0339888	0.0402815	-0.0271502	0.0103182	-0.00298615	-0.00155949	0.00464153	0.00819839	-0.00418638
HG03267	2	0.0170195	0.0339321	0.0394696	-0.0242901	-0.00710191	-0.00308029	0.00567873	0.00627095	-0.00273252	0.00656993
HG03268	1	0.0183448	0.0322503	0.0425877	-0.0266976	-0.00226767	-5.21117e-06	-0.00977687	-0.0106354	0.00172696	-0.0098519
HG03270	2	0.0182451	0.033976	0.0395449	-0.0218147	0.0116987	0.000805684	0.00939572	0.00544238	-0.000334931	-0.00275343
HG03271	1	0.0204095	0.0361415	0.0459643	-0.0312385	0.00171168	0.0010564	-0.00728395	-0.00470033	-0.00898496	0.00461214
HG03279	2	0.0163266	0.0330009	0.0418188	-0.0294197	0.00150383	0.00722138	-0.000688234	-0.00338952	-0.00412498	-0.0114627
HG03280	1	0.0187824	0.035769	0.0401743	-0.0240142	0.00515338	-0.00832554	0.00621601	0.00500089	0.00143282	-0.00455068
HG03291	2	0.0186642	0.033091	0.0360173	-0.0208949	0.00924113	-0.00336007	-0.00247729	-0.00690587	0.00311251	-0.0105566
HG03294	2	0.0148343	0.0301705	0.0333116	-0.0181495	-0.00588057	-0.0023052	0.00478438	-0.00761104	0.000150642	-0.00659402
HG03295	1	0.0162536	0.0330886	0.0395463	-0.029461	-0.00380848	0.0114025	-0.0098721	0.00141464	0.00697253	-0.00562861
HG03297	2	0.0179029	0.0342712	0.039038	-0.01655	-0.00256857	-0.00173038	-0.000130689	-0.00161776	0.0105818	-0.00194595
HG03298	1	0.0165542	0.035222	0.0388207	-0.0269354	0.000205784	0.00170162	-0.0118951	0.00997028	-0.00806266	0.00687274
HG03300	2	0.0175056	0.036688	0.0426408	-0.028646	0.00759261	0.000829394	0.00350789	0.00280811	-0.00498998	0.0033258
HG03301	1	0.0211805	0.0378268	0.0431998	-0.0333728	0.00649262	0.000736211	-0.0127403	0.0044202	0.00199068	0.0017818
HG03303	2	0.0191991	0.0332532	0.0374613	-0.0256765	0.00384666	0.00013454	-0.00432918	0.00435963	-0.00274008	0.00259462
HG03304	1	0.0165542	0.0324135	0.0447432	-0.0289766	0.00298869	0.00295833	0.0053047	0.00807056	0.0015787	0.00175018
HG03311	1	0.0215606	0.0370212	0.0445943	-0.0324136	0.00565265	-0.011045	-0.00418884	0.00390967	-0.00132329	0.00146757
HG03313	1	0.0174644	0.0340764	0.041679	-0.0234272	-0.00317278	0.00390966	0.00120661	0.0021027	0.00512994	-0.00153136
HG03342	2	0.0178415	0.0349434	0.0437173	-0.0277586	0.0131196	0.00820014	-0.00946312	0.0082494	0.00236527	0.00231418
HG03343	1	0.0175767	0.0384554	0.0456006	-0.0372959	0.00818879	-0.00178731	0.00172224	0.0102842	-0.0038515	0.00405768
HG03351	2	0.0160708	0.0343529	0.0405816	-0.0239272	0.00483921	0.00553019	0.00131188	0.00731779	-0.00552295	0.00576703
HG03352	1	0.0197098	0.0359741	0.0455282	-0.0420958	0.0163339	0.00768134	0.00895735	0.00504844	-0.000768993	0.00837005
HG03354	2	0.0180633	0.0372321	0.0421062	-0.0269458	0.00766316	0.00991367	-0.000495315	0.00681615	0.00480758	-0.000244463
HG03363	2	0.0171782	0.0356112	0.0393882	-0.0326022	-0.0032627	-0.00343708	-0.00289829	-0.009439	-0.00238136	0.00125402
HG03366	2	0.0196809	0.0400555	0.0451013	-0.036791	0.00964491	0.00925846	0.00220518	0.00524371	0.00426271	0.0120127
HG03367	1	0.0186659	0.0331611	0.0468409	-0.024062	0.0136393	-0.00788465	-0.00330815	0.00632299	-0.00591695	-0.00170401
HG03369	2	0.0143138	0.0310816	0.0351047	-0.0220412	-0.00130204	0.00574766	-0.00712176	-0.00157815	-0.00344219	0.00613045
HG03370	1	0.0184256	0.0381344	0.0431366	-0.0364628	0.00329665	-0.0058526	0.00820221	-0.0017619	0.00493461	1.6571e-06
HG03372	2	0.0183121	0.0389384	0.0484444	-0.0315885	0.0195335	-0.00325623	-0.0131536	0.00510796	0.00475191	0.00469866
HG03376	1	0.0316083	-0.0194997	-0.00473542	0.0922579	0.0051512	-0.00134431	0.00347816	0.00217663	-0.000741884	0.00277435
HG03378	2	0.0323961	-0.020024	-0.00585241	0.0953984	0.00537662	-0.00317325	0.000604854	-0.000971309	0.000435611	0.00311079
HG03380	2	0.0317986	-0.0203277	-0.00994333	0.103037	0.0176572	0.00422358	-0.00284982	-0.00289786	0.00616819	-0.00507511
HG03382	1	0.0308113	-0.0249021	-0.00286533	0.0942757	0.00324478	0.00113916	-0.00366004	-0.0081747	-0.00546994	0.0018211
HG03385	1	0.0296689	-0.0180293	-0.00914332	0.0832008	0.0122938	0.000406051	0.00238078	-0.0158123	-0.00277779	-0.00454587
HG03388	1	0.0326808	-0.0257913	-0.012762	0.0929264	0.0083655	0.00266588	-0.00284999	-0.000312553	-0.0071131	-0.00826364
HG03391	1	0.0317763	-0.0224309	-0.00691559	0.0979387	0.0138999	-0.00622209	0.00470629	-0.00669011	-0.00305141	-0.00236065
HG03394	1	0.032676	-0.0209146	-0.00365594	0.0882967	0.00538124	0.00637684	-0.00346628	0.00222854	-0.0124584	-0.00692263
HG03397	1	0.0314255	-0.0228104	-0.00911842	0.0667886	0.0114539	0.00563365	-0.00990753	-0.00663236	0.00515863	-0.00783808
HG03401	2	0.0323105	-0.0213667	-0.012594	0.0864574	0.0125523	0.000309284	-0.00836662	-0.00600933	-0.00596117	-0.00656487
HG03410	2	0.0316302	-0.0231495	-0.00554739	0.0861547	0.00333125	-0.000739775	0.000912479	-0.0105687	0.000154572	-0.00150451
HG03419	2	0.0295345	-0.0213361	-0.00679554	0.0848478	0.012134	-0.00141577	-0.00413057	-0.000742547	-0.0015576	-0.00689651
HG03428	2	0.0319285	-0.0280727	-0.013371	0.0937296	0.0107454	-0.00273653	-0.00671408	-0.00635613	0.0013259	0.000190502
HG03432	1	0.029714	-0.0219215	-0.0076504	0.0567787	0.00723141	0.00390143	-0.00432677	-0.00162798	0.00165445	0.00317484
HG03433	1	0.0337146	-0.0209597	-0.0123049	0.0757845	0.0141666	0.000563497	0.00353994	-0.00560688	-0.00012157	0.00218394
HG03436	1	0.0336164	-0.02344	-0.00922912	0.0776481	0.00651826	0.00544952	0.00449309	0.00324234	-0.000527962	-0.00415448
HG03437	2	0.0315292	-0.0300443	-0.0140398	0.0538059	0.0100508	0.000266874	-0.000879788	0.00617726	0.00136916	-0.00106431
HG03439	1	0.0334993	-0.0248297	-0.00987682	0.0940408	0.00892987	-0.00256801	-0.000922389	-0.00112531	-0.00784981	0.00411101
HG03442	1	0.0319507	-0.022935	-0.00918867	0.0849609	0.0102237	-0.00576839	0.00038727	0.00227887	-0.00199484	-0.00333456
HG03445	1	0.0313966	-0.0223204	-0.0122468	0.0765632	0.0100734	-0.00407592	-0.00146725	-0.00723858	-0.00389628	-0.00946828
HG03446	2	0.0336423	-0.024772	-0.00915673	0.0907	0.0115855	0.00194524	0.00236344	-0.0020606	-0.00608706	0.00346926
HG03449	2	0.0323561	-0.0239485	-0.00910324	0.112339	0.00633275	-0.00412865	-0.00640719	0.00165876	0.00565805	0.00537475
HG03451	1	0.0331975	-0.0219339	-0.0151896	0.069577	0.000702492	-0.0088513	0.00598325	-0.000917314	-0.0037981	0.0069098
HG03452	2	0.0306268	-0.0226545	-0.00888535	0.081875	0.0102008	-0.00336396	-0.00899978	-0.0063407	-0.0047726	-0.0103111
HG03455	2	0.0326202	-0.0207949	-0.00393028	0.0947159	0.000580155	-0.00771939	-0.000619888	-0.00273203	0.00664777	-0.00165808
HG03457	1	0.032874	-0.0244686	-0.00995715	0.0948499	0.00955844	-0.00221509	-0.0023211	-0.00736012	0.00353085	-0.00168215
HG03458	2	0.0308616	-0.0248706	-0.0104309	0.0950326	0.0102103	-0.00608815	-0.00984102	-0.00526017	0.00574124	0.010847
HG03460	1	0.0337302	-0.0267943	-0.007851	0.0780322	0.00302439	-0.00237914	0.000740388	0.00271591	0.000780305	0.00184196
HG03461	2	0.0311591	-0.0224384	-0.00811013	0.0768109	-0.00011668	-0.0020817	-0.0111794	-0.000841422	0.00240874	-0.00631783
HG03464	2	0.0351375	-0.0245403	-0.011304	0.137705	0.0113985	0.0112727	-0.00667905	0.000607211	0.00340235	-0.000376463
HG03469	1	0.0350821	-0.0246836	-0.00669111	0.113031	0.0106832	0.0032523	0.00380183	-0.00591305	0.00701262	-0.00683673
HG03470	2	0.0295033	-0.0242655	-0.0130397	0.0723649	0.0203634	0.00075127	-0.000514855	-0.000832969	-0.00878004	0.00188656
HG03472	1	0.0332339	-0.0266271	-0.0100013	0.0557138	0.00280968	0.000705571	-0.00527959	-0.00783856	0.0105629	-0.00181919
HG03473	2	0.0340721	-0.0243541	-0.00768924	0.0802873	0.00149136	0.0105216	0.0046693	0.00440784	0.000366487	0.00414287
HG03476	2	0.0304133	-0.0205959	-0.00959827	0.0813206	0.00774554	-0.00138623	-0.00457357	-0.00619027	-0.00749262	-0.0145965
HG03478	1	0.0369947	-0.0260794	-0.00969472	0.157483	0.00864186	0.00666539	6.83402e-05	-0.00215375	0.0045361	-0.00158849
HG03479	2	0.0304889	-0.0212167	-0.0087995	0.0755908	0.0161403	0.000789908	-0.00723126	-0.00213889	-0.000294462	-0.0123051
HG03484	1	0.0377913	-0.0247085	-0.00943086	0.146511	0.0172856	0.00956831	-0.0069376	0.0058285	0.00229422	0.000201612
HG03485	2	0.0311923	-0.0235319	-0.00608526	0.075825	0.00842926	-0.000174769	-0.00253974	0.00133633	-0.00827137	-0.00830915
HG03499	2	0.0193914	0.0313135	0.0421008	-0.0197386	0.00136579	-0.00313303	-0.00162444	0.00914302	-0.00104455	-0.00229041
HG03511	2	0.016398	0.0366515	0.0414297	-0.0254897	0.0149803	-0.00325144	-0.0101252	0.00225529	0.00886538	-0.0012748
HG03514	2	0.0182855	0.0322806	0.0440955	-0.0187081	0.00162935	-0.00336992	-0.000900951	0.00657159	0.00669615	-0.0159964
HG03515	1	0.0174569	0.0325516	0.036766	-0.0272466	0.0130575	0.00111663	-0.000258006	0.00947898	0.0146707	-0.00133618
HG03517	2	0.0182619	0.0349929	0.0421321	-0.015375	0.00571706	-0.00176957	-0.00105745	-0.00691862	-0.0046725	0.000747336
HG03518	1	0.01642	0.0342565	0.0388773	-0.0317563	0.00534125	-0.00718825	-0.0068135	-0.00339925	0.000564161	0.00577863
HG03520	2	0.0197058	0.0324089	0.0352053	-0.0294133	0.00898278	-0.0102197	-0.00573678	0.000831299	-0.00269975	-0.00053219
HG03521	1	0.0172569	0.0322775	0.0392845	-0.0280843	0.00957459	-0.000141453	-0.00235726	-0.00224311	-0.00232612	-0.00708687
HG03538	1	0.0349889	-0.0550145	-0.0376938	-0.0522164	-0.00287184	0.00910082	0.00648713	-0.00397887	0.00108702	0.000354405
HG03539	2	0.0186185	-0.0556847	-0.0322559	-0.0560309	0.00444121	-0.00269273	-0.00351098	-0.00174914	0.011534	0.00118348
HG03547	1	0.030996	-0.0245438	-0.00828108	0.0876943	0.0105159	0.00303738	0.0099146	0.0025656	-0.00420264	7.63797e-05
HG03548	2	0.032562	-0.0210838	-0.00457198	0.0939707	0.00826829	-0.00948259	0.00556999	0.00515056	-0.00430142	0.00276215
HG03556	1	0.0316271	-0.0206993	-0.0112403	0.0928156	0.00111184	0.00676711	-0.00693264	-0.00159497	-0.00437019	-0.00460681
HG03557	2	0.0315799	-0.020261	-0.00240998	0.0992604	0.000262336	0.00700091	-0.00404793	0.0106602	-0.00191091	0.00403106
HG03558	2	0.0308847	-0.0194741	-0.00777862	0.0823201	0.00635001	-0.00372657	-0.00941796	-0.00167779	0.00600981	-0.00131091
HG03559	1	0.0317504	-0.0205522	-0.00514102	0.0960763	-0.000290886	0.00212708	-0.00233684	0.00054527	-0.00417196	1.96805e-05
HG03563	2	0.0304443	-0.0195616	-0.00560163	0.0809178	0.0104412	-0.00234706	-0.011538	0.00251838	0.00653185	-0.00255254
HG03565	1	0.030637	-0.0263166	-0.0103262	0.0743643	0.00176621	0.0188192	-0.00590996	-0.00503927	-0.000726977	-0.000472493
HG03567	2	0.0331955	-0.0244512	-0.0111932	0.0678586	0.00768831	0.0019253	0.00302793	-0.00237989	-0.00871215	0.00902861
HG03571	1	0.0306868	-0.0245866	-0.0086483	0.0828877	0.00495074	0.00598164	-0.00142271	-0.0127025	-0.0028682	-0.0059914
HG03572	2	0.0316637	-0.0231096	-0.0115575	0.0919221	0.00111605	-0.00110246	-5.74736e-05	0.000104397	-0.0029353	-0.00369137
HG03575	2	0.0297526	-0.0175324	-0.00480956	0.0859971	0.00771116	0.0050208	0.00584138	0.00160293	0.00342886	0.00209797
HG03577	1	0.0323118	-0.0202173	-0.00507489	0.0671555	-0.00189415	-0.00420163	-0.00151213	-0.00626638	0.000965309	-0.00480827
HG03578	2	0.0310972	-0.0260058	-0.0122636	0.0901318	0.00696264	0.00618625	-0.00510284	9.36222e-05	-0.00666479	-0.0010679
HG03583	2	0.0305841	-0.0231007	-0.00427054	0.105323	0.012499	0.00576218	-0.00199933	-0.00374601	0.0051899	-0.0106956
NA18486	1	0.0162321	0.021293	0.0291023	-0.0132512	-0.00557828	0.00542751	-0.0117056	0.00418708	-0.00141671	-0.00443
NA18488	2	0.019257	0.0254495	0.0386541	-0.00646735	0.00247701	0.00347304	0.0105993	-0.00971068	0.00939376	-0.00675761
NA18489	2	0.0186033	0.0208851	0.0291603	-0.00252251	0.00244582	-0.00193204	-0.00251946	-0.0126063	-0.00739997	0.005587
NA18498	1	0.016962	0.0252312	0.035742	-0.0149253	0.00549581	0.00716225	-0.0110637	-0.00242272	0.00917252	-0.00512512
NA18499	2	0.0172386	0.0232417	0.0303916	-0.0135164	0.00275734	0.000996808	-0.000710585	-0.00821812	-0.00713129	-0.0048731
NA18501	1	0.019198	0.0237527	0.0287873	-0.0087261	-0.0156362	0.00426491	-0.00377897	-0.0102552	0.000756555	0.000808769
NA18502	2	0.0189905	0.0293236	0.039013	-0.0128575	-0.00500252	-0.00212607	-0.00180144	0.00154204	-0.00565436	0.0047425
NA18504	1	0.018328	0.0329745	0.0361557	-0.015129	0.00686807	-0.000134408	-0.00189756	0.00303259	0.00136012	-0.00933196
NA18505	2	0.0198404	0.0312154	0.0370506	-0.0107205	0.00247135	-0.000115998	0.00402033	-0.00488627	0.00407974	-0.0142703
NA18507	1	0.0206535	0.0221897	0.0299328	-0.0125177	0.00833805	-0.00978868	-0.00899545	-0.00509141	0.00263114	-4.67418e-05
NA18508	2	0.0184809	0.0224706	0.0299273	-0.00141526	0.00361052	-0.000770852	0.00211846	0.00528621	-0.00746252	0.00206731
NA18510	1	0.0186717	0.0197816	0.0259828	-0.00384994	0.0104233	-0.00984621	-0.00616272	-0.00612986	-0.00414457	0.00658447
NA18511	2	0.016377	0.0261535	0.0319509	-0.00732156	0.00839168	0.00414475	0.0036233	0.00770019	0.00429657	-0.00441835
NA18516	1	0.0211558	0.0211447	0.0291326	-0.0190987	0.0110531	-0.00214547	-0.00974082	-0.00689122	-0.000796203	-0.000503581
NA18517	2	0.0144988	0.0218236	0.0259204	-0.0083834	0.0113103	-0.00284951	-0.000893099	-0.00715919	-0.000193113	0.00459245
NA18519	1	0.0193396	0.0235172	0.0341295	-0.0157662	-0.00033769	-0.000275816	0.00329846	0.00143193	0.000546903	-0.0080303
NA18520	2	0.0178527	0.0227153	0.0317258	-0.0173674	0.00934821	0.0113945	0.000760497	0.00308427	0.000314567	0.00679458
NA18522	1	0.0169872	0.0233407	0.0265306	-0.00879017	-0.00808619	0.00551464	0.00291116	-0.00193479	0.00299327	-0.00339306
NA18523	2	0.0187266	0.0221525	0.0319863	-0.0055298	-0.00653659	0.00333072	-0.0045396	0.00555695	-0.0101738	-0.000607427
NA18853	1	0.0203057	0.0243933	0.033463	-0.0105406	0.00186861	0.00474825	-0.00453177	-0.00250469	-0.0041106	-0.00831842
NA18856	1	0.0190562	0.0201544	0.0303961	-0.0118774	-0.00305865	-0.0017633	-0.00207709	-0.0136051	0.0032246	-0.00298431
NA18858	2	0.0181442	0.0232463	0.0334734	-0.011011	0.00227925	0.0015807	-0.000250089	-0.00442186	-0.00373998	0.00228794
NA18861	2	0.0175973	0.0244111	0.0338435	-0.0121815	0.00368255	-0.0107613	0.00262715	-0.007349	-0.00400622	-0.00129472
NA18864	2	0.0181287	0.0199432	0.0299702	-0.0113775	0.0095936	-0.00408851	-0.00594517	0.00591645	0.00319582	0.00924264
NA18865	1	0.0175534	0.0190614	0.0259886	-0.000589195	0.00103904	0.00892717	-0.00219389	-0.00304995	0.0115977	0.000486731
NA18867	2	0.0172357	0.019312	0.0283825	-0.0138536	0.00315607	0.00685881	-0.00762313	0.00784338	-0.00419601	0.00138163
NA18868	1	0.0198615	0.018869	0.0272627	-0.00176322	0.00012261	0.00409611	-0.00746548	-0.00137652	0.00927599	-0.000176713
NA18870	2	0.0194016	0.0360763	0.0426833	-0.0214597	0.00336447	0.00954093	-0.00308844	-0.00318907	0.000932679	-0.00294146
NA18871	1	0.0216508	0.0256606	0.033059	-0.00895678	0.00902259	-0.00445445	-0.00575174	-0.00271607	0.00589622	0.00945984
NA18873	2	0.0189998	0.023156	0.0275341	-0.0106164	0.00413393	0.00635206	-0.00135823	0.000192341	0.0066575	-0.00264071
NA18874	1	0.0185903	0.0235158	0.0230982	-0.00536139	-0.000477847	0.00289688	0.00606779	0.0059906	-0.00362814	-0.0132073
NA18876	2	0.013859	0.0235514	0.0279703	-0.0112513	-0.00305515	0.0108411	0.00218423	-0.00666742	0.0127393	-0.00801209
NA18877	1	0.0193926	0.0211091	0.0291981	-0.00644158	0.00403949	0.0152124	-0.00772017	0.00180918	0.00212643	-0.0151458
NA18878	2	0.0161005	0.019075	0.0316132	0.000619083	0.0151151	-0.00204754	-1.28605e-05	-0.00418899	0.00731393	-0.00266031
NA18879	1	0.0187384	0.0223097	0.0283535	-0.00220688	-0.00786672	0.00189708	0.00673008	0.00336115	-0.00788305	-0.00886148
NA18881	2	0.020619	0.018275	0.0250442	-0.0141492	-0.00160331	-0.0079782	-0.00865476	-0.00228216	0.00790157	-0.00538493
NA18907	2	0.0179951	0.0267936	0.0308995	-0.011425	0.000342917	0.00514429	-0.000631228	-0.0012424	-0.00111044	-0.00409446
NA18908	1	0.0179503	0.0246924	0.0309857	-0.00474807	0.0106508	0.00331662	0.00444372	0.001215	0.00636079	0.000120313
NA18909	2	0.0187921	0.0271586	0.0363482	-0.0172448	-0.00473847	-0.0101774	-0.00509262	-0.00635329	-0.00193543	-0.0017475
NA18910	1	0.0157745	0.0206942	0.0303225	-0.0150884	-0.00823765	0.00880501	-0.00628326	-0.00191618	-0.000418153	0.00477133
NA18912	2	0.0187824	0.0230071	0.0259264	-0.00134065	-0.00624972	0.00186894	-0.0107426	-0.00837022	0.00628956	0.0117758
NA18915	1	0.0197396	0.0297068	0.0308263	-0.00658728	0.000109639	-0.0013734	-0.0038374	0.00428459	-0.0123393	0.00443183
NA18916	2	0.0189986	0.0241887	0.0321409	-0.00232363	0.00494922	-0.0102394	0.00557855	-0.00791636	0.0147581	0.00820635
NA18917	1	0.0164125	0.0214161	0.0253412	-0.0112647	-0.00595946	0.00304253	0.00415983	0.00633281	-0.00966917	-0.00109647
NA18923	1	0.0188467	0.0277009	0.036522	-0.0120193	0.00250626	0.0221509	0.00856424	0.0120772	0.00432974	-0.00453439
NA18924	2	0.0159091	0.0247242	0.0299566	-0.00863529	-0.00171315	-0.00216778	-0.000630917	0.00768194	-0.000716148	0.00110632
NA18933	2	0.0191761	0.0292311	0.0340767	-0.0152798	0.00125554	0.00926696	-0.000752095	-0.0102356	0.00296088	-0.00439088
NA18934	1	0.0196565	0.0254959	0.0293042	-0.00627737	0.00488536	-0.00587974	-0.00522662	-0.00805691	-0.00428156	-0.00167149
NA19017	2	-0.0281604	0.0539787	-0.0613838	0.00372065	-0.000488072	-0.00707036	0.0103492	-0.00221614	-0.0156825	0.00859428
NA19019	2	-0.0356814	0.0525255	-0.0683547	0.00551081	0.0133947	0.00124774	0.00232298	-0.0118778	0.00120074	0.00470157
NA19020	1	-0.0334286	0.0468538	-0.0664099	0.0044334	0.00217319	-0.000641631	-0.00765165	0.00136704	0.0106928	-0.00175723
NA19023	2	-0.0271019	0.0541855	-0.0578066	-0.00106377	0.00394613	-0.00446659	0.0045095	0.000922817	-0.0116867	0.00224673
NA19024	2	-0.0308003	0.0502574	-0.0627131	0.00278001	-0.00625434	0.000294909	0.0067443	0.00365828	0.000929108	0.00203288
NA19025	1	-0.0326979	0.0593016	-0.0694606	0.00554924	0.000187019	-0.00943817	0.00513757	0.0023069	-0.0141688	0.0034874
NA19026	1	-0.0348208	0.0521911	-0.0706847	-0.000459648	0.00313587	-0.00478416	-0.0047068	0.000350194	-0.0250124	0.0153188
NA19027	1	-0.04621	0.0509337	-0.0787093	-0.00851342	-0.0026714	0.0290006	0.00110963	-0.00348832	-0.0258518	0.0251925
NA19028	1	-0.0397403	0.0478451	-0.0733657	0.00245231	0.00595002	-0.00310597	-0.00656505	-0.00468715	-0.00906661	-0.0004793
NA19030	2	-0.0313952	0.0483285	-0.0650597	-0.000733745	-0.00157655	-0.00361885	-0.000396619	0.0016409	-0.014259	-0.00855144
NA19031	1	-0.0373767	0.0479337	-0.0622313	-0.00456295	0.000730852	0.00649113	-0.00639144	-0.000910641	-0.0163748	0.00270175
NA19035	1	-0.0325209	0.0538108	-0.059424	-0.00199268	0.00189381	-0.00169067	0.0111814	-0.00158865	-0.0150744	-0.00152106
NA19036	2	-0.0290672	0.0486983	-0.0638557	0.00454551	0.00158642	0.00653177	0.00315299	-0.00341519	-0.0146994	0.0124251
NA19037	2	-0.038076	0.0589347	-0.0763225	0.00163471	-0.00159558	0.0110973	-0.000709536	0.0100868	-0.0330552	0.0108871
NA19038	2	-0.0290339	0.0545834	-0.064093	-0.00232067	-0.000451841	-0.00876747	-0.00354661	0.000272504	-0.0114484	0.00743929
NA19041	1	-0.0334289	0.0499676	-0.0654096	-0.00577744	-0.00428116	-0.00254542	-0.00557867	-0.00442816	-0.00893512	0.000104776
NA19042	2	-0.0437436	0.0503888	-0.0782495	-0.00871069	-0.00132482	0.0232906	-0.00662647	-0.00141941	-0.0236784	0.0301935
NA19043	1	-0.0316557	0.0492414	-0.0663634	-0.000576411	0.00616306	-0.00572326	0.00445286	0.00251844	-0.0145364	0.00833899
NA19092	1	0.0183568	0.0226461	0.0280506	-0.00341833	0.00362488	-0.00260887	0.00319888	-0.00806818	0.00326251	0.00684352
NA19093	2	0.0158073	0.0246954	0.0334052	-0.00546775	0.00138938	0.00348167	-0.00308826	0.00855553	-0.00398233	-0.00264711
NA19095	2	0.0177037	0.0277183	0.0325082	-0.00950421	0.00673211	-0.000234919	0.000615929	0.00351863	0.000223937	-0.00419827
NA19096	1	0.0210317	0.0215531	0.0319039	-0.00944264	-0.0096109	0.00477796	-0.000969986	0.00167843	-0.00545651	-0.00325423
NA19098	1	0.0176116	0.0211378	0.0315078	0.00128767	-0.00320266	0.00530867	0.0037142	-0.00160704	-0.00469818	0.00706461
NA19099	2	0.0214813	0.0232786	0.0305361	-0.0012334	-0.0044598	0.0117256	-0.00134737	-0.00569765	0.0119248	-0.00668977
NA19102	2	0.0182952	0.0215657	0.0297068	-0.00819715	-0.0027419	0.00754623	-0.000972647	-0.00238414	0.0146972	-0.00432754
NA19107	1	0.0166811	0.0274807	0.0373552	-0.0175641	-0.00489724	-0.0028855	0.00136271	-0.00164997	0.0017697	0.0116536
NA19108	2	0.0177779	0.0237936	0.0285974	-0.00880065	-0.00239634	-2.71032e-05	0.00392839	-0.0056792	-0.00342144	-0.00956307
NA19113	1	0.0176793	0.0244433	0.0338495	-0.0170574	-0.00247364	0.0112315	-0.00463739	-0.000868538	-0.00527667	-0.00807106
NA19114	2	0.0165826	0.0207189	0.0317224	-0.00790861	0.000646417	-0.00199836	0.00117182	0.0105977	0.00220357	0.00301177
NA19116	2	0.0178423	0.0279702	0.0362673	-0.0139098	-0.00243108	-0.000165124	-0.00547198	0.00315708	0.00458278	0.00506618
NA19117	1	0.0202515	0.0241754	0.029224	-0.011782	0.00236062	0.00431434	-0.00964099	-0.00010183	-0.000810169	-0.00890227
NA19118	2	0.00867568	0.0146938	0.0238072	-0.0185982	0.00485044	-0.00640019	0.000245926	0.00424334	0.00063784	-0.00286772
NA19119	1	0.0197599	0.0282143	0.0350346	-0.0134081	0.0044647	0.00878388	0.00806936	-0.0113354	-0.00306457	-0.00383105
NA19121	1	0.0179131	0.0227112	0.0330862	-0.00911296	0.00421089	0.00353624	-0.0168753	-0.00214554	0.000789064	0.00377864
NA19129	2	0.0166616	0.0200839	0.0289436	-0.00240698	0.01387	-0.00614821	-0.00167336	0.0134987	0.0111391	0.00412731
NA19130	1	0.018367	0.0224442	0.0305698	-0.011232	-0.00203618	0.013394	0.00458152	0.00289018	-0.00452096	-0.000289136
NA19131	2	0.0189016	0.0232765	0.0308295	-0.00046349	0.00490934	0.00965095	0.00391045	-0.00680074	0.0158296	-0.0032099
NA19137	2	0.0177944	0.0240173	0.0329031	-0.000765096	0.00344248	0.00330158	0.001353	0.000485812	-0.00148912	0.00213918
NA19138	1	0.0177278	0.0273089	0.0317661	-0.00941792	-0.0013328	-5.85079e-05	-0.0103026	-0.013797	-0.00060389	-0.000226479
NA19141	1	0.0181171	0.0249414	0.0315855	-0.00422815	-0.00522192	-0.00303493	0.00310923	0.00412052	-0.00320471	0.00169019
NA19143	2	0.0189482	0.0228815	0.0296872	-0.00997517	0.00319252	0.00334181	-0.000956869	-0.00376463	0.00257254	-0.000801894
NA19144	1	0.0200167	0.0246154	0.0309802	-0.00834231	-0.00152218	0.00428613	-0.00461736	-0.00224807	0.00543198	-0.00895643
NA19146	1	0.018916	0.0271391	0.0314994	-0.00963824	-0.00423921	0.0087299	0.00205643	0.000775892	-0.0021358	-0.000620493
NA19147	2	0.0168614	0.0239147	0.0306449	-0.00624965	0.00701135	-0.00085785	-0.00543605	0.000586157	-0.00107871	-0.00349122
NA19149	2	0.0215329	0.0283598	0.0348804	-0.00490786	-0.00456471	0.00592334	-0.000604446	0.00500576	-0.00656411	0.00967344
NA19152	2	0.0184086	0.0247238	0.0326864	-0.0127234	-0.00798179	-0.00966853	-0.000401429	0.00147379	0.00105384	0.000228042
NA19153	1	0.0202366	0.0254575	0.0325734	-0.000249745	-0.0086549	0.00537255	-0.00603939	-0.00185508	0.00697723	-0.00150556
NA19159	2	0.0166282	0.022578	0.0312656	-0.00927459	-0.00796157	-0.00448534	-0.00213768	-7.68381e-06	-0.00160342	0.0025164
NA19160	1	0.0202672	0.0250686	0.0366847	-0.0077452	-0.00419786	-0.0022385	-0.00250941	-0.00399753	0.00222377	0.00258019
NA19171	1	0.0168216	0.0224262	0.0298697	-0.0047803	0.00220142	0.00692291	0.00250047	-7.17536e-05	-0.00476131	-0.00446305
NA19172	2	0.0159511	0.0294289	0.0362322	-0.00585163	0.010913	0.000122948	-0.00182833	0.00485662	-0.00700076	0.000973499
NA19175	1	0.0182887	0.0234142	0.0308588	-0.0127542	-0.00268904	-0.00379975	0.00353308	-0.00550393	0.00110577	-0.0143986
NA19184	1	0.0178612	0.0327243	0.0398627	-0.0160895	-0.00620417	0.00238662	-0.00411564	-0.00139084	-0.00236034	-0.0127242
NA19185	2	0.0179689	0.028072	0.036192	-0.00621751	0.00301743	0.00525935	0.00147377	0.00566343	0.000799688	0.0065983
NA19189	1	0.018729	0.021886	0.0322925	-0.00369079	0.00306954	9.93712e-05	-0.00380905	-0.00155371	-0.00398243	0.000566555
NA19190	2	0.0186263	0.0258097	0.0308484	-0.0130211	0.00440077	0.0024566	0.00257891	-0.00887245	-0.000531816	0.00361157
NA19197	2	0.0173299	0.0285086	0.0374792	-0.0125494	0.00543024	0.00577004	-0.00127277	-0.00480231	0.00653637	-0.00603355
NA19198	1	0.0171095	0.0282623	0.0335491	-0.0125819	-0.000792872	-0.00264291	-0.00861722	-0.000282488	0.00388855	-0.00198868
NA19200	1	0.0165794	0.0275151	0.0388749	-0.0114575	0.00443226	0.00909454	-0.00616089	-0.00703806	0.00666476	-0.0110312
NA19201	2	0.0189493	0.0319294	0.0366502	-0.0153251	0.0101157	-0.00595217	-0.00608609	-0.00279898	-0.0011321	0.00966209
NA19204	2	0.0184204	0.0231315	0.0312599	-0.0141056	-0.00235996	0.00795804	-0.00447947	0.000471425	-0.0111183	-0.00915782
NA19206	2	0.0173958	0.0295236	0.0369377	-0.0116069	-0.00331998	0.00188787	0.00288985	0.00188865	0.00567595	0.00196463
NA19207	1	0.0206502	0.0272685	0.0377492	-0.0104665	0.00641566	-0.000307776	-0.00112986	-0.00271565	0.00514818	-0.0104033
NA19209	2	0.0182776	0.026007	0.0337037	-0.00889482	-0.00544599	-0.00263284	0.000414353	0.00378842	-0.000733756	-0.000404335
NA19210	1	0.0196559	0.025705	0.0387662	-0.00846893	-0.0028836	0.00293059	0.00082478	-0.00581328	0.00158951	-0.0151013
NA19213	1	0.0166994	0.0250734	0.0314468	-0.00767273	-0.00753995	0.00239105	-0.00281269	0.00467189	-0.00123484	0.00183593
NA19214	2	0.0193987	0.0251597	0.0315829	-0.00819791	0.00471783	0.00304558	0.00682006	0.00172444	0.0118979	0.00717145
NA19222	2	0.0185508	0.027886	0.0337454	-0.00278857	-0.00100575	0.00213467	-0.00902864	0.00518346	0.00727206	-0.0061568
NA19223	1	0.0169207	0.0280334	0.0329487	-0.0102111	-0.00645361	-0.0026138	0.00390577	0.00726371	0.00131836	-0.00418234
NA19225	2	0.0166554	0.0286948	0.0387432	-0.0164179	-0.0019232	0.00325124	-0.00133627	0.00780564	-0.00391872	0.00266767
NA19235	2	0.0184712	0.0256552	0.0316009	0.000307564	0.00384766	0.00581441	0.00791187	-0.0107785	0.0135817	-0.00571651
NA19236	1	0.0181101	0.0247353	0.0295046	-0.00407941	-0.00931683	-0.00265392	0.00237356	0.00576026	-0.00188444	-0.00874568
NA19238	2	0.0173933	0.0226502	0.0311832	-0.014548	0.00456078	-0.00716825	-0.00599435	0.00079215	-0.00656015	-0.00684073
NA19239	1	0.0196661	0.02394	0.0301271	-0.0073406	-0.00843833	0.00095891	0.00848517	-0.00225381	0.00215907	0.00677897
NA19247	2	0.0181184	0.0235472	0.033014	-0.0053961	-0.00520037	0.00185288	0.00804933	-0.0070057	0.00517163	-0.00542352
NA19248	1	0.0198108	0.0189143	0.0281995	-0.008784	-0.00521983	0.00038716	0.00472999	0.00602659	-0.0029404	-0.00145587
NA19256	1	0.0155787	0.0275927	0.0313517	-0.0099801	0.00820162	0.00417212	-0.000194795	-0.00240362	0.000323637	-0.0148002
NA19257	2	0.0186911	0.028121	0.0355117	-0.00698384	-0.00539311	0.0030517	-0.00372347	-0.0073301	0.00988664	-0.00254897
NA19307	1	-0.037612	0.0558622	-0.0783517	-0.00272562	-0.00799382	0.0044013	0.00131868	0.00180605	-0.0231657	0.00109739
NA19308	1	-0.0319365	0.0531608	-0.0640267	0.0102379	0.0117264	0.000348222	-0.00205419	0.00243781	-0.0141786	-0.00349947
NA19309	1	-0.0334052	0.0526679	-0.0618532	0.00146241	-0.00202925	-0.00284108	-0.00322913	0.012128	-0.0143302	0.00989559
NA19310	2	-0.0291595	0.0579136	-0.0619904	0.000139248	0.00758425	-0.00829172	0.00479721	0.00132258	-0.0132179	0.00727964
NA19312	1	-0.0347617	0.0547977	-0.0740112	0.00213681	-0.00328603	0.0102863	0.00582129	0.00743638	-0.0198544	0.0124303
NA19314	2	-0.0420499	0.0456497	-0.0623874	0.00444127	-0.00428685	0.00689911	-0.00175096	-0.00475533	-0.0116292	-0.00489589
NA19315	2	-0.0379534	0.0462763	-0.0603486	0.0012157	0.00102999	0.00543028	0.00852576	-0.00133292	-0.0156383	0.00318489
NA19316	2	-0.0366034	0.0531807	-0.0691239	-0.00171581	0.00282153	0.00129888	0.00205146	-0.00505192	-0.0188817	0.00817884
NA19317	1	-0.0305117	0.0576023	-0.0699902	0.00549719	0.00711334	0.00187153	0.000320618	0.0135156	-0.0200463	0.0150008
NA19318	1	-0.0357462	0.0617767	-0.0736622	0.00483184	0.00842745	-0.00446445	-0.00157836	0.0046898	-0.00813397	0.0101682
NA19319	1	-0.0337307	0.0509196	-0.0651259	-0.00111569	0.00145344	-0.0121023	0.00176094	0.0057649	-0.0158763	-0.00347145
NA19320	2	-0.0365784	0.0625305	-0.0799366	-0.00264087	0.00746932	-0.00521273	0.00563992	0.0179837	-0.0407977	0.0199777
NA19321	2	-0.0319218	0.0508224	-0.0678747	0.00114245	-0.000336436	0.00812745	-0.00609504	-0.000161661	0.00414552	-0.0019051
NA19323	2	-0.0386741	0.0464376	-0.0618233	-0.00803094	0.00284603	0.00132922	0.00610091	-0.000378382	0.00708964	0.00458562
NA19324	2	-0.0298883	0.0471868	-0.0617438	0.00569354	-0.00464526	0.00512255	-0.0106162	-0.00755674	-0.0169071	-0.0042113
NA19327	2	-0.0423383	0.0462472	-0.0711955	0.00231537	-0.000164071	-0.0138468	0.00894245	0.00270012	-0.0163163	-0.00112744
NA19328	2	-0.0350701	0.0544778	-0.0707369	0.0083557	-0.00249805	0.00311476	0.00348058	-0.00984393	-0.00965286	0.0110843
NA19331	1	-0.038338	0.0630829	-0.0946268	0.00968717	-0.0359261	-0.0217611	-0.0313393	-0.0170554	0.638068	-0.236963
NA19332	2	-0.0321871	0.0505962	-0.0600248	0.00170193	-0.00518083	0.00759093	0.0021277	-0.00322382	-0.00641762	0.00551841
NA19334	1	-0.0375026	0.0631586	-0.0903268	0.00708491	-0.0347741	-0.0242839	-0.0317143	-0.0190626	0.642474	-0.238563
NA19338	2	-0.0357469	0.0489377	-0.0680997	0.00404148	0.00135666	0.00963128	0.00151148	-0.00794305	-0.0177275	-0.0040066
NA19346	1	-0.0308085	0.0525136	-0.0628399	-0.00233071	-0.00253583	-0.0048831	0.00139821	-0.00322293	-0.0151016	0.00428937
NA19347	1	-0.0367721	0.0583613	-0.0759022	-9.13572e-05	0.00917304	-0.00561313	-0.0082972	0.00542105	-0.0283891	0.0106118
NA19350	1	-0.0369647	0.0541539	-0.076728	0.00699872	-0.0030644	0.00243846	0.00716553	-0.00525124	-0.0325893	0.0107143
NA19351	2	-0.0314445	0.0545096	-0.0644646	-0.00311131	-0.00531028	0.00245585	0.00035206	0.00262339	-0.0216353	0.00932689
NA19355	2	-0.0361295	0.0512989	-0.0717221	-0.00398929	-0.00392465	-0.00263591	0.00392117	-0.0103232	-0.036303	0.00235535
NA19360	1	-0.0332791	0.0531415	-0.0704205	0.00167465	-0.000978499	-0.003722	0.00205431	-0.0117096	0.0327204	-0.0192346
NA19372	1	-0.0288356	0.0525618	-0.0684737	0.00594593	0.00309136	-0.00963866	0.00325752	0.00557935	-0.0200034	0.00140882
NA19374	1	-0.035321	0.0491589	-0.0693836	0.00355037	0.00443997	0.0018476	-0.000192599	0.00701451	-0.0244692	0.0110185
NA19375	1	-0.0406618	0.0575076	-0.0726178	-0.00170968	0.00231711	-0.00158504	0.00708283	-0.00194437	-0.0345772	0.010765
NA19376	1	-0.0325103	0.0658774	-0.0861251	6.95757e-05	0.00251054	-0.00992547	-0.00362679	0.0141134	-0.0384122	0.0232627
NA19377	2	-0.0322427	0.0530839	-0.0691045	0.0104557	0.00660572	0.00361621	-0.00129606	-0.00507147	-0.00945577	8.96071e-06
NA19378	2	-0.0313498	0.0466404	-0.0585461	-0.00344479	0.00437268	-0.005677	-0.00433911	0.00745424	-0.0180209	0.00400934
NA19379	2	-0.0326235	0.0528048	-0.0659239	0.0119614	-0.0078235	-0.00229522	0.00820717	-0.00196117	-0.00428629	-0.0121455
NA19380	1	-0.0408075	0.0504633	-0.0687234	0.00439941	-0.00569838	-0.00136563	0.0078259	-0.00304232	-0.0208386	0.00110692
NA19383	1	-0.0350553	0.0484804	-0.0708837	-0.00558727	0.000307618	-0.00400084	-0.00715015	0.0111372	-0.0231848	0.00826297
NA19384	1	-0.0284736	0.0630323	-0.0684261	0.00195041	-0.00164402	-0.00478319	0.00666835	0.0067968	-0.0200259	0.0119114
NA19385	1	-0.0364217	0.0477294	-0.0692695	0.00740128	0.00171283	-0.00677826	-0.0108218	0.00415705	-0.00850924	0.00234839
NA19390	2	-0.0348616	0.0518413	-0.0668822	0.00179879	0.000687854	0.000267143	-0.00406338	0.0106416	-0.013499	0.0173816
NA19391	2	-0.0250831	0.0563344	-0.061235	0.00727742	0.000252328	-0.00452797	0.00119366	0.00983008	-0.0125575	0.0100261
NA19393	1	-0.0320877	0.0549066	-0.0717723	0.00342788	-0.00472805	0.00318544	-0.00671634	0.00527681	-0.017002	0.00166757
NA19394	1	-0.0336462	0.0532389	-0.0674797	0.00378769	-0.00555352	-0.00581008	0.00744977	-0.00204859	-0.0191312	0.00253486
NA19395	2	-0.0361709	0.04672	-0.0648438	0.000688336	0.00328645	0.00419375	0.000543508	0.00783475	-0.0138129	0.0111529
NA19397	1	-0.0321837	0.0580637	-0.0727337	0.000718993	-0.00363695	-0.0119971	0.00837863	0.0090712	-0.029838	0.0173411
NA19399	2	-0.0260624	0.054106	-0.0616385	0.00955113	-0.00196723	0.00123921	0.00176491	0.00113257	-0.0164324	0.00390338
NA19401	2	-0.0380179	0.049524	-0.0625919	0.00806577	0.0109333	0.000575707	0.000747914	-0.00339106	-0.0139995	0.019372
NA19403	2	-0.0382199	0.0449643	-0.0576319	-0.00188873	-0.00332033	0.00738417	-9.33398e-06	-7.35961e-05	-0.0280152	0.0131272
NA19404	2	-0.0314217	0.0514075	-0.0657347	0.00279872	-0.00398993	-0.00458108	-0.00177909	-0.00864543	-0.02092	0.00303094
NA19428	1	-0.0316928	0.0527064	-0.0686272	-0.00507283	-0.00296837	-0.00332711	-0.00224086	-0.00493347	-0.0175214	0.0107883
NA19429	1	-0.0330181	0.0497978	-0.0655737	0.00503771	0.0132255	-0.000294022	0.00757216	-0.00291031	-0.00666388	-0.000430873
NA19430	1	-0.0367604	0.0599505	-0.0768864	0.00309371	0.00427756	0.00446162	-0.00309702	0.00641807	-0.0242432	0.00280063
NA19431	2	-0.0291358	0.0549059	-0.0660301	0.0091038	0.00564088	-0.0103166	-0.000648941	-0.000633295	-0.022255	0.00341318
NA19434	2	-0.0374134	0.0551335	-0.071987	-0.00348006	-1.08324e-05	-0.0043458	0.00308296	-0.00679346	-0.0363871	0.00365891
NA19435	2	-0.0366751	0.0490468	-0.0636776	0.00151219	0.00216287	0.0024032	0.00279899	-0.011946	-0.00494912	0.00737315
NA19436	2	-0.0327361	0.053342	-0.0632402	-0.00181682	-0.00376209	-0.000404118	-0.000354341	0.00145596	-0.0224642	0.0183917
NA19437	2	-0.0399315	0.0449884	-0.0633666	-0.00279283	0.000418004	0.00222241	0.000550016	0.00243051	-0.0150302	0.00772225
NA19438	2	-0.0274571	0.0501176	-0.0614795	-0.00406732	0.00342837	-0.00136308	0.00414656	0.000834546	-0.0197082	0.00701484
NA19439	2	-0.0309058	0.0537808	-0.0675456	-0.0104973	-0.00781929	0.00244867	0.000906932	0.00993097	-0.0144346	0.0105794
NA19440	2	-0.031942	0.0494369	-0.0597846	-0.00499878	0.00408739	-0.00334866	0.00110212	0.00599917	-0.0114179	0.00590964
NA19443	1	-0.0354399	0.0504897	-0.066785	0.00400554	0.00838404	-6.17959e-05	0.00301599	-0.00287302	-0.00140762	0.00640164
NA19445	2	-0.0310197	0.0515979	-0.0600684	-0.0029344	0.00168362	0.0101318	-0.000686903	0.0023679	-0.0200538	0.00629686
NA19446	2	-0.0334129	0.0570666	-0.067205	-0.00554462	0.00148558	-0.00716999	0.0053552	0.00120118	-0.0219639	0.00111872
NA19448	1	-0.038702	0.0527758	-0.0723718	-0.00373701	0.00325984	0.00907063	0.00229841	0.00130193	-0.0161074	0.00939561
NA19449	2	-0.0307462	0.0483156	-0.0608489	0.00319182	-0.00361019	-7.82069e-05	0.00263193	-0.00254557	-0.012489	-0.00162573
NA19451	1	-0.0353829	0.0613399	-0.0749201	-0.000910961	0.00418824	-0.00621908	-0.00244276	0.0140721	-0.0406302	0.0224333
NA19452	1	-0.0419709	0.0552872	-0.0762627	9.91097e-06	0.000157285	0.000135674	-0.0111502	0.0161662	-0.0383707	0.0157286
NA19454	1	-0.0321096	0.0510774	-0.059004	0.0105488	-0.00489957	0.000372072	0.00464831	1.24729e-05	-0.0104276	0.00568613
NA19455	1	-0.0343588	0.0488637	-0.0661419	0.00258995	0.000227693	0.00166873	-0.00530866	-0.0073265	-0.023728	0.005637
NA19456	2	-0.0310289	0.0505757	-0.0627394	0.00444328	0.0011289	0.00403436	-0.00270032	-0.00357628	-0.0183196	0.00172448
NA19457	2	-0.030621	0.0483581	-0.0628067	-0.00577669	0.00887152	-0.00488035	-0.00512525	0.00440079	-0.00641502	-0.00346306
NA19461	1	-0.0323228	0.0531289	-0.0646287	-0.00430986	-0.00856505	-0.00468929	-0.00886627	-0.0018315	-0.0272543	0.0101025
NA19462	2	-0.0263371	0.0548918	-0.0589471	0.00182928	0.0060833	-0.016755	-0.000365823	0.00311762	-0.00419657	-0.00394142
NA19463	2	-0.0362463	0.0460008	-0.0665359	0.0016678	-0.0112374	0.000764403	-0.000703669	-0.00995394	-0.0140641	0.00508083
NA19466	1	-0.038712	0.053551	-0.0693699	-0.0029902	0.00102301	-0.00571171	0.000522135	-0.00182331	-0.0219593	0.0128031
NA19467	2	-0.0388734	0.0500706	-0.0659513	-0.00166723	0.00847286	0.00746615	-0.000148196	0.0058773	-0.0245517	0.00980405
NA19468	2	-0.0340999	0.050915	-0.0658458	0.00240664	0.0013214	0.00301087	-0.00331021	0.000413626	-0.00803053	0.00407768
NA19471	2	-0.0364827	0.0497642	-0.0694331	0.00428119	0.00162729	0.002619	0.0023735	-0.000549937	-0.00813764	0.00749425
NA19472	2	-0.0381049	0.0479816	-0.0645442	0.00156551	0.00161749	0.0118456	0.00849447	-0.0116115	-0.00782305	0.000755227
NA19473	2	-0.0355715	0.0494302	-0.0663725	0.000362684	0.00387303	-0.00310719	-0.00311274	-0.00724527	-0.000164796	0.0106172
NA19474	2	-0.0353922	0.046276	-0.065242	0.0056465	0.0101516	-0.000390148	-0.00973868	-0.00153175	-0.00419518	-0.00476306
NA19475	2	-0.0360904	0.0464726	-0.0644712	0.00880769	0.00435865	0.00071075	0.000925844	0.000418706	-0.00511277	0.00182276
NA19625	2	-0.123585	-0.069542	0.0363968	-0.00486502	0.00796665	0.031853	-0.0243353	-0.00745175	-0.00933154	-0.0116459
NA19700	1	-0.0499081	-0.0271942	0.0235798	0.000421205	0.00972321	-0.0097168	-0.00636678	-0.000727839	-0.0114297	-0.0196707
NA19701	2	-0.0440366	-0.0220855	0.022666	-0.0017068	0.00229575	-0.00397506	0.00412565	-0.0117821	-0.00194661	-0.00426395
NA19703	1	-0.0419644	-0.0180342	0.0196321	-0.00727927	0.0421576	-0.0497636	0.0641098	-0.0234825	0.0102447	0.0184088
NA19704	2	-0.0391804	-0.0228241	0.0160692	-0.00388843	0.000146944	0.00962031	0.00476699	0.00165546	0.0041816	-0.0156531
NA19707	2	-0.0874943	-0.0415625	0.0249816	-0.00432992	0.0209327	-0.012108	-0.0196092	-0.0094813	-0.00683393	-0.00794636
NA19711	1	-0.0283666	-0.0168728	0.0152109	0.00646325	0.0246208	-0.0194865	0.0217243	-0.0192057	0.0125692	0.010227
NA19712	2	-0.0283051	-0.0166565	0.0150446	-0.00210153	-0.000876637	0.00240718	-0.0079158	-0.00849153	-0.00490358	-0.00668828
NA19713	2	-0.0810787	-0.042385	0.0282518	-0.00668169	0.0191255	-0.00124208	0.0227811	-0.014293	0.0111268	0.00510007
NA19818	1	-0.0818384	-0.0431408	0.0307454	-0.00458887	0.00439308	0.0125102	-0.00983952	-0.0110881	0.00461576	-0.0139607
NA19819	2	-0.0872326	-0.0486502	0.0225774	0.00916531	-0.0103987	0.0239656	0.00258577	-0.0118332	-0.00251394	-0.0176895
NA19834	1	-0.0729722	-0.0429952	0.0240872	0.0105431	-0.0042255	0.00812873	-0.000267529	-0.0175836	-0.000613759	-0.00629841
NA19835	2	-0.0485174	-0.0173322	0.0186655	0.00685536	-0.00114381	-0.0021367	-0.00599496	0.000938221	-0.0147146	-0.016223
NA19900	1	-0.0485716	-0.0279152	0.0196451	0.00339101	-0.0116892	0.0237995	-0.004334	-0.00432239	-0.00648727	-0.00747449
NA19901	2	-0.0200434	-0.0125761	0.00844548	0.00365685	0.00275538	-0.00465689	0.00908775	-0.00730313	0.00069146	-0.0181925
NA19904	1	-0.0651224	-0.0361051	0.0321489	-0.00597182	0.256779	-0.413525	0.399547	-0.169379	0.0897036	0.197363
NA19908	1	-0.028145	-0.00968034	0.0192048	0.00408054	-0.00827676	0.00631528	-0.012625	-0.0132571	-0.00658091	0.00689968
NA19909	2	-0.0317708	-0.018309	0.0155879	0.00261643	-0.00391352	-0.0111728	-0.00517797	0.00757608	-0.00274423	-0.00107732
NA19913	2	-0.0557651	-0.0319699	0.0306719	-0.00685802	0.260927	-0.413785	0.399805	-0.165997	0.0860025	0.196382
NA19914	2	-0.0903952	-0.0472405	0.0280583	-0.00207011	0.00295051	0.00930609	0.00655573	-0.00707066	0.000660948	-0.030055
NA19916	1	-0.0257427	-0.015664	0.0102158	0.00345385	0.00365441	0.0139186	-0.00318627	-0.00374341	-0.00597966	0.00169651
NA19917	2	-0.0188241	-0.0112508	0.0113045	-0.000167594	0.0120319	-0.00556546	0.00301611	-0.0126264	-0.00705112	-0.00630629
NA19920	1	-0.0200484	-0.0127977	0.0133382	0.0111656	-0.0136567	0.0147316	0.00931401	-0.0100006	-0.00129407	-0.0103504
NA19921	2	-0.138725	-0.075947	0.0339917	-0.00390626	0.000281749	0.0131248	-0.0100972	-0.0185456	-0.00656144	-0.0173264
NA19922	1	-0.0958004	-0.0511158	0.0296607	-0.00163193	0.00502614	0.00457534	0.00561401	0.00223956	0.000414275	-0.00790163
NA19923	2	-0.122846	-0.0660556	0.0323691	-0.00458596	0.00339088	0.00279636	-0.0120395	0.0151397	-0.0111867	-0.00929481
NA19982	1	-0.0343398	-0.0149719	0.0160251	0.00602727	-0.00370395	0.0100152	-0.00903072	-0.00382727	-0.0167904	-0.0140387
NA19984	1	-0.0373352	-0.0113388	0.0131836	-0.00461835	0.00468236	0.0188607	-0.0105357	-0.00670637	-0.000926258	-0.00809783
NA20126	1	-0.0949224	-0.0512768	0.0292229	-0.00261492	0.00297212	0.0156323	-0.0028382	-0.0107897	5.51425e-05	-0.00902599
NA20127	2	-0.0208726	-0.0119438	0.0116877	0.00681384	0.00108576	-0.00450129	-0.0144745	0.00839268	-0.00550864	-0.00282598
NA20274	2	-0.229634	-0.127995	0.0535563	-0.00847241	0.00402097	0.0262911	-0.0206633	-0.004798	-0.0121745	-0.0273655
NA20276	2	-0.0518854	-0.0237723	0.0180258	-0.000412138	-0.0020208	0.0242295	0.00328937	-0.0145438	1.19936e-05	-0.01836
NA20278	1	-0.162094	-0.0897569	0.0394077	-0.0084352	0.00418756	0.0103574	-0.00529036	-0.0093428	-0.000195994	-0.0127588
NA20281	1	-0.0485219	-0.0172688	0.0212447	0.000283474	0.000337965	0.0163236	-0.00824015	-0.000865419	0.000497393	0.0091751
NA20282	2	-0.0833184	-0.0467275	0.0237998	0.00222617	0.00584886	0.0185978	-0.0262538	-0.0144818	0.00504079	0.00371107
NA20287	2	-0.0447794	-0.023466	0.0183504	0.00416964	-0.0077891	0.0103646	0.00243876	-0.0121041	-0.00345277	-0.0141222
NA20289	2	-0.0638374	-0.031848	0.0228187	-2.35497e-05	0.000512743	0.0295641	-0.0145519	-0.00527294	-0.00884051	-0.00583973
NA20291	1	0.00889933	-0.00296598	0.00443045	-0.0106128	-0.00167382	0.00248861	-0.00119829	-0.00544802	0.0044611	0.0109599
NA20294	2	-0.0399257	-0.0138823	0.019315	0.0033281	0.0154056	-0.0206767	-0.00320202	0.0260679	-0.00876348	-0.00942471
NA20296	2	-0.0656492	-0.0343375	0.021129	-0.00145593	-0.000712973	0.0187763	-0.0461209	-0.0465244	0.0260145	0.0576417
NA20298	1	-0.0107742	-0.00303084	0.0143007	0.00520266	-0.00433661	-0.00241958	-0.0102162	-0.00862476	-0.0140645	-0.0121206
NA20299	2	-0.182628	-0.103539	0.0436918	-0.00681915	-0.00043713	0.0372769	-0.0136959	-0.0164373	-0.000548996	-0.0074387
NA20314	2	-0.312784	-0.176031	0.0643342	-0.012562	0.000116512	0.0398944	-0.0232123	-0.0171766	-0.00882461	-0.0292922
NA20317	2	-0.102065	-0.0572227	0.0379174	0.00646123	-0.021501	0.102601	-0.259065	-0.219049	0.147933	0.405165
NA20318	1	-0.102119	-0.0579239	0.0395901	0.00718951	-0.0109341	0.103681	-0.253133	-0.215371	0.148601	0.403522
NA20320	2	-0.038156	-0.0170957	0.0258997	0.0155869	-0.0721524	0.371697	0.453142	0.288275	0.0844635	0.103332
NA20321	2	-0.0715421	-0.0373968	0.0294113	0.013851	-0.0712285	0.366703	0.452384	0.283296	0.0851934	0.103479
NA20332	2	-0.0633459	-0.0251061	0.0244414	-0.00383722	-0.000176085	0.0165344	-0.00543854	-0.00142735	0.00779763	0.0155138
NA20334	2	-0.127069	-0.0716038	0.0434415	-0.00964717	0.00757777	-0.0804159	0.054674	-0.121605	-0.151107	-0.439494
NA20339	2	-0.0315668	-0.0154809	0.0136905	0.00654911	0.00327414	0.00783162	-0.00513885	-0.00419532	-0.00832371	0.00159778
NA20340	1	-0.0430326	-0.0163034	0.0219977	0.00163094	0.0104836	0.0068655	-0.00041614	-0.021103	-0.00618057	0.0061044
NA20342	1	-0.126659	-0.067809	0.0337499	-0.000751482	-0.00983326	0.00326088	0.000792994	0.0106835	-0.00665718	-0.0201551
NA20346	1	-0.0477063	-0.0290558	0.0225082	-0.00315418	-0.000334967	0.0107874	0.00224127	-0.0033864	-0.0127729	-0.00965991
NA20348	1	-0.0404168	-0.0223669	0.0145494	6.40903e-05	0.00573487	-0.00972041	0.00724692	-0.0133941	0.00246668	-0.00708192
NA20351	1	-0.103096	-0.0497649	0.0319691	0.00185665	-0.0113304	0.0183648	-0.012102	-0.00263176	-0.00915862	-0.00763097
NA20355	2	-0.0706038	-0.0426464	0.0305917	-0.00417457	0.00498843	-0.0801554	0.0637932	-0.125126	-0.159209	-0.454527
NA20356	1	-0.036834	-0.016438	0.013739	0.0122878	0.00903404	0.00325779	-0.00379011	-0.0161269	-9.83087e-05	-0.00174164
NA20357	2	-0.0246096	-0.00988664	0.0177614	0.0087758	0.00238007	0.0134761	-0.0057698	0.0021087	-0.00705784	-0.00602985
NA20359	2	-0.0783184	-0.0471847	0.0354177	0.00721108	0.123773	-0.28338	-0.204579	0.562141	0.0348102	0.0551639
NA20362	1	-0.079391	-0.047908	0.0354228	0.00520969	0.120126	-0.279597	-0.200781	0.55554	0.0295941	0.0481687
NA20412	2	-0.0708664	-0.0366922	0.0243898	0.000518266	5.35916e-05	0.0119157	-0.00661693	-0.0190057	0.00325877	0.0256551
