IID	Sex	PC1	PC2	PC3	PC4	PC5	PC6	PC7	PC8	PC9	PC10
HG00551	2	0.0490662	0.0184151	-0.0555439	-0.00640294	-0.0291239	0.112875	-0.00125318	-0.0689089	0.0379768	0.075226
HG00553	1	0.0447612	-0.0577512	-0.0470967	-0.00419544	-0.000117733	0.016796	0.0605545	-0.0154687	-0.00514203	-0.0173091
HG00554	2	0.052716	0.018791	-0.0672905	-0.00880713	-0.0476229	0.0715282	-0.0268444	-0.00477743	-0.132213	0.0651351
HG00637	1	0.052709	-0.0363564	-0.0445025	-0.00612822	-0.00344084	0.0841046	-0.00555591	0.0201731	0.0567436	0.0437247
HG00638	2	0.0488463	-0.037557	-0.0308577	-0.00191788	-0.0534599	0.151255	0.0170379	0.000372465	0.0188387	-0.0373541
HG00640	1	0.0551527	0.0215525	-0.0750523	-0.0139099	-0.0176107	0.0476361	0.0595355	-0.101563	0.0861666	0.0287381
HG00641	2	0.0460575	0.00960657	-0.102678	-0.0038496	0.107961	-0.110877	-0.0197439	9.04156e-05	0.0397487	-0.00401326
HG00731	1	0.060281	0.0609131	-0.0647596	-0.00603684	-0.0480412	0.0476676	0.0346898	-0.067172	-0.0109441	0.0303022
HG00732	2	0.0521931	0.0356837	-0.0711242	0.00353775	-0.0188192	0.0505354	0.0842938	-0.0875854	-0.0368654	0.0461051
HG00734	2	0.0408403	-0.00252199	-0.076022	-0.0158715	0.0307147	0.037222	0.0687019	-0.0920122	0.0223485	-0.0483074
HG00736	1	0.0540877	0.0362371	-0.0836406	0.00297762	0.0268909	-0.0726095	-0.0688833	0.110207	0.0040302	0.0406768
HG00737	2	0.0552161	0.0233477	-0.0482139	0.00706115	0.00914297	0.0175869	-0.00331879	0.0139004	0.0389208	0.0131771
HG00739	1	0.0601235	0.0469186	-0.0357516	0.00209716	-0.0329238	-0.0396518	-0.0776799	-0.00324769	-0.0145586	0.0198591
HG00740	2	0.0493033	-0.00100959	-0.0591524	-0.00285352	0.0255672	-0.0259745	-0.0217759	0.0188778	-0.00481269	0.0622219
HG00742	1	0.0642839	0.0445629	-0.0760249	-0.00504777	-0.0120215	0.0417025	-0.00613541	-0.0411417	0.00227754	0.0315249
HG00743	2	0.0355202	-0.000976419	-0.0841298	-0.010762	0.102262	-0.108592	0.0573263	-0.00222736	0.052345	-0.0203431
HG01047	1	0.0570953	0.0201073	-0.0557963	0.00214841	-0.0697834	0.0522269	0.0230067	-0.082978	0.0146977	0.0153611
HG01048	1	0.0495701	-0.000424476	-0.0696801	0.00608066	-0.0140894	0.0458494	-0.0147495	0.00507074	-0.0737312	-0.0430565
HG01049	2	0.052685	-0.0794619	-0.0263901	0.000220043	0.0183257	-0.0964472	-0.0584864	0.0362546	-0.0522879	0.00350387
HG01051	1	0.0437051	-0.0693158	-0.0476519	-0.0104492	-0.0251817	-0.0271513	-0.00177252	0.0394481	-0.152829	0.0469518
HG01052	2	0.0448236	-0.0721211	-0.0374268	-0.0143316	-0.0360082	0.104542	-0.0228562	-0.0212681	0.0154158	0.070476
HG01054	1	0.0462338	0.0256662	-0.110465	-0.0160827	0.0655076	-0.0207477	0.0250438	-0.01955	-0.0198972	0.0144987
HG01055	2	0.0571813	-0.00701773	-0.0730137	-0.0100245	0.0546189	-0.0450515	0.02778	-0.0375259	-0.0454658	0.0359127
HG01058	2	0.0473102	-0.0152792	-0.0621032	-0.00968403	0.0537608	-0.0778752	-0.0018745	0.0423047	0.0114659	-0.0433122
HG01060	1	0.0536876	0.0148784	-0.0801563	0.00183825	0.0371314	-0.0716615	0.0374963	-0.0183801	0.00453083	-0.0166201
HG01061	2	0.0504833	0.0216043	-0.100944	-0.0185196	0.0714916	-0.0420924	-0.00164442	-0.0153423	-0.0575592	0.00437618
HG01063	1	0.0577203	-0.161475	-0.000941731	0.0129047	0.076215	-0.0644335	-0.127437	0.168026	-0.111657	0.00355696
HG01064	2	0.0555793	-0.0327783	-0.0755292	-0.00589082	0.0461151	-0.0561899	-0.0219765	0.0385458	-0.13165	0.0202048
HG01066	1	0.0511848	0.0287255	-0.0734499	-0.000616781	0.0343639	-0.0773977	0.0147792	-0.0361586	-0.0107533	-0.0400953
HG01067	2	0.0505721	0.0117216	-0.107171	-0.0110375	0.102779	-0.105959	-0.010213	0.0874636	-0.0484096	-0.0580558
HG01069	1	0.046969	0.0091034	-0.085699	-0.00172392	0.105208	-0.116717	-0.00998425	-0.0229622	0.0282647	-0.030884
HG01070	2	0.0485674	0.0357919	-0.0861126	-0.0127667	0.0702387	-0.101222	0.0359163	-0.0222258	-0.0642464	-0.0255665
HG01072	1	0.0507123	0.0177458	-0.105189	0.00393972	0.109095	-0.147296	0.0253455	0.0561361	-0.0418763	-0.0288395
HG01073	2	0.0483184	0.0183333	-0.0920895	-0.0168764	0.0652728	-0.100928	-0.0364398	-0.103088	-0.0444116	-0.0104209
HG01075	1	0.0635767	0.0261938	-0.0164836	-0.00407695	-0.0771855	0.0215518	-0.0205219	-0.0545159	0.0932842	-0.0143725
HG01077	2	0.0433388	-0.0612928	-0.0360455	-0.00588469	-0.0135258	0.126982	0.0185111	0.0893153	0.079145	0.0559861
HG01079	1	0.0520351	-0.0412132	-0.0312601	0.0069763	-0.00792366	0.0386126	-0.0101038	-0.0821334	0.118276	-0.0149006
HG01080	2	0.0381293	0.0103506	-0.0599245	-0.00867233	-0.00753274	0.123086	0.0863354	0.0618443	0.00370559	-0.0348692
HG01082	1	0.0494596	-0.0665251	-0.0264715	-0.00696547	-0.0310292	0.0909949	-0.00604232	0.0237991	0.106625	0.0241587
HG01083	2	0.0458233	7.44261e-05	-0.074764	-0.0210918	-0.00774902	0.0877575	-0.0238911	0.0256795	0.0484147	0.0741482
HG01085	1	0.0522078	-0.00429225	-0.0301767	0.00100359	-0.0103995	-0.0620701	-0.0122788	-0.00977073	0.0487612	-0.0507335
HG01086	2	0.0429374	-0.0249843	-0.0731027	-0.0237824	0.028291	-0.0461023	-0.0856376	0.0807029	0.0635007	0.108232
HG01088	1	0.0545239	-0.0415822	-0.030536	0.000356709	-0.025371	0.0559444	-0.0422672	0.071752	-0.0206645	0.00751633
HG01089	2	0.0492405	-0.0221443	-0.0463481	-0.00774417	0.042079	-0.0694295	0.0144217	-0.078417	-0.0375249	-0.0156131
HG01092	2	0.053925	-0.09358	-0.0150028	0.0103422	0.00331696	-0.0316523	0.00919886	0.0413444	-0.0614021	-0.154127
HG01094	1	0.0534593	-0.0162713	-0.0515502	-0.00124156	0.0132243	0.0852608	0.0307097	0.0517531	0.0176496	0.0387102
HG01095	2	0.0521995	0.00466	-0.0654613	-0.00291232	0.0383136	-0.0413205	-0.0168528	-0.0320593	-0.0946685	-0.0319959
HG01097	1	0.0491174	0.00234314	-0.0804333	-0.00790949	0.0472617	0.00579786	0.0229843	0.0417133	0.0400994	0.0118298
HG01098	2	0.0514093	0.00777862	-0.079701	-0.0152878	0.0414507	-0.0348564	-0.0304229	-0.0142762	0.0510787	0.0573682
HG01101	1	0.0466915	-0.030659	-0.0610215	0.000367752	0.0164953	0.0304268	0.0156693	-0.108809	0.00212535	-0.0472133
HG01102	2	0.0531616	-0.0415807	-0.0340965	-0.00815865	0.0390453	0.036039	-0.0586526	0.10027	0.0688473	0.0355625
HG01104	1	0.051163	0.0166184	-0.0657471	-0.0136167	-0.0441897	0.0860482	-0.0203005	0.0511957	0.0418656	0.0593567
HG01105	2	0.0590474	0.0275996	-0.0518197	0.00920066	-0.0691029	0.125888	0.0385848	-0.0209185	0.0133516	-0.0293571
HG01107	1	0.0568871	-0.0658657	-0.0318315	-0.00498553	-0.00918428	0.0728473	0.0645908	0.0204423	-0.0450039	-0.0215755
HG01108	2	0.0709096	-0.348891	0.105834	0.0411861	-0.0312946	-0.275405	-0.283227	-0.204552	-0.0677813	0.0523914
HG01110	1	0.0493262	-0.0105078	-0.0313495	0.0115159	-0.0444307	0.00203566	0.0128586	0.0119993	-0.0559834	-0.0503785
HG01111	2	0.0482616	0.00116728	-0.0274201	-0.00500503	-0.0227601	0.042725	-0.0307129	-0.000947086	0.0574837	0.0153917
HG01112	1	0.0592202	0.0926503	0.0432924	0.0484253	-0.178126	-0.135388	-0.000475108	0.0280266	0.0225842	-0.0332581
HG01113	2	0.0222518	0.0713416	0.0802202	0.055227	0.102802	0.0374272	-0.0283349	-0.0542242	0.0478471	-0.0512602
HG01119	2	0.0497126	0.0772152	0.0367927	0.0381936	-0.121768	-0.0496177	0.0151215	0.0794187	-0.027778	-0.0238155
HG01121	1	0.0180545	0.0319812	0.0306541	0.00270416	0.0230357	0.035	-0.0339601	0.088168	-0.0211665	-0.0278461
HG01122	2	0.0318455	0.0274173	0.00600094	0.00686423	-0.00916979	-0.0235643	-0.0697155	-0.0151003	0.0156661	0.00952991
HG01124	1	0.0233145	-0.021708	0.0742709	0.0448569	0.0204268	0.0152785	0.108093	0.0108706	-0.00614842	-0.0140421
HG01125	2	0.028033	0.0131176	0.068547	0.0390849	-0.0241632	0.0174401	-0.0126273	-0.0369963	-0.0238754	0.0674162
HG01130	1	0.0295039	0.0377182	0.0579858	0.0279407	0.0248278	0.0156283	0.00150438	0.00511554	0.0271201	0.00880406
HG01131	2	0.0262269	0.0322156	0.0632757	0.0458298	-0.00414638	-0.014632	0.0747208	-0.0396745	0.0376111	-0.0148656
HG01133	1	0.0439741	0.0761693	0.041494	0.0448696	-0.0974064	-0.029934	0.00963097	0.013118	-0.0248972	-0.00605092
HG01134	2	0.0348617	9.71699e-05	0.0665276	0.039262	0.00655906	-0.00994975	0.0279203	0.0952683	0.0760175	0.0581781
HG01136	1	0.026135	0.0194063	0.0670962	0.034766	0.0584229	-0.0227276	-0.0417202	-0.0536708	-0.024031	0.0563273
HG01137	2	0.00947477	0.0494763	0.0799263	0.0315004	0.101614	0.0338444	0.0246622	-0.0397434	-0.0321462	0.0511438
HG01139	1	0.0216036	-0.0444129	0.0811921	0.0453906	0.00555118	0.042133	0.0355222	0.160225	-0.0808446	0.0113382
HG01140	2	0.022836	0.046475	0.0755678	0.0478645	0.0674691	-0.000394166	0.0562957	-0.0365651	-0.0117537	-0.0802596
HG01142	1	0.0111036	-0.0571381	0.0927621	0.0382016	0.0155436	0.0224235	0.0934721	-0.00528976	-0.0559088	0.00115579
HG01148	1	0.0271204	0.0435774	0.0686983	0.0355898	-0.0137319	0.0131423	-0.0006058	-0.0897992	-0.167028	0.208635
HG01149	2	-0.00410905	-0.0126984	0.0938889	0.019305	0.0617676	0.00313818	0.083224	0.0148558	0.0277468	0.0404497
HG01161	1	0.0478683	-0.0523479	-0.044641	-0.0135593	0.0201255	0.062758	0.0144205	0.0707127	-0.0378175	0.0331841
HG01162	2	0.0455957	0.00116052	-0.0829172	-0.001783	0.0798711	-0.0174318	0.0807039	0.119421	0.012905	-0.102839
HG01164	1	0.0534847	0.00700648	-0.0582812	-0.00581282	-0.0177265	0.0605469	0.0128568	-0.0850517	0.00439186	-0.0223437
HG01167	1	0.0520067	-0.0777767	-0.0323322	-0.00475882	0.0158994	0.0263371	-0.0637417	0.160364	0.0700479	0.0109954
HG01168	2	0.0622547	0.0560301	-0.0559685	-0.000328114	-0.0377512	0.0371234	0.0204648	0.0078752	-0.0509361	-0.00168059
HG01170	1	0.0465816	-0.0129737	-0.0525195	-0.0094016	-0.0375197	0.0942926	-0.00013006	-0.0325838	0.0201439	0.0778065
HG01171	2	0.0506763	-0.0529766	-0.0442988	0.00501001	0.00478882	0.0921943	-0.0172436	-0.0196306	0.0677361	-0.0076941
HG01173	1	0.0641843	0.0331471	-0.0655002	0.0083175	0.0246409	-0.0631012	-0.0123518	0.0369366	-0.00638982	0.0119756
HG01174	2	0.0530433	0.0304741	-0.0618934	0.00378538	0.00344591	0.00626092	0.0351507	-0.0322428	0.108894	0.0301361
HG01176	1	0.0464108	0.0155808	-0.0629318	-0.00193379	-0.00677233	0.0198518	0.0499271	0.0401998	0.00867285	0.0659109
HG01177	2	0.0416175	0.0125562	-0.0942628	-0.0174523	0.0823666	-0.0325798	0.089537	0.0034566	0.00236595	-0.00183183
HG01182	1	0.0479058	-0.0226346	-0.0548848	0.0125395	0.0319409	0.0044608	-0.00425399	-0.0149699	0.0700501	-0.00345279
HG01183	2	0.0458801	-0.0176993	-0.0869742	-0.00628768	0.100435	-0.107552	0.0449735	0.0219205	0.0205968	-0.0367375
HG01187	1	0.0330822	-0.054979	-0.0411916	-0.0117388	0.0670421	0.00491048	0.0771516	0.141244	0.0710197	-0.0545068
HG01188	2	0.0388102	-0.0820706	-0.0435493	-0.0204563	0.0307066	-0.0470296	-0.037828	-0.230999	0.0267486	-0.0715423
HG01190	1	0.0375026	-0.0480296	-0.0676217	-0.00833483	0.0502229	-0.111638	0.0127512	0.0192646	0.150236	0.0691907
HG01191	2	0.0402803	-0.00510997	-0.0697282	-0.010991	0.0739894	-0.0363512	-0.05174	-0.00783756	-0.00903856	-0.0496953
HG01197	1	0.049542	0.0233027	-0.0882928	-0.0100043	0.0582957	-0.119512	-0.0229774	-0.0765403	-0.0710624	-0.0361465
HG01198	2	0.0504366	-0.0522429	-0.0578589	-0.00900859	0.0459405	-0.0353549	0.0142458	0.150596	-0.0766572	0.0856697
HG01200	1	0.0575176	0.0491565	-0.0676155	-0.00870741	-0.0779002	0.101235	0.0475642	-0.0595603	-0.0336929	0.0593942
HG01204	1	0.0500986	0.00270669	-0.0400161	-0.0171807	-0.0228039	0.0702242	0.0119639	0.0428799	-0.0240633	0.0382326
HG01205	2	0.0547455	-0.0030003	-0.044616	-0.0109344	-0.00674617	-0.000370985	0.0657843	-0.00992718	0.0455645	-0.141837
HG01241	1	0.0700446	-0.374461	0.117909	0.0413312	-0.0940634	-0.00759756	0.00714544	0.00672912	-0.0302717	-0.118149
HG01242	2	0.0706448	-0.260488	0.0835374	0.031906	-0.0849313	-0.0267104	-0.167211	-0.107956	-0.010667	0.200214
HG01247	1	0.0468535	-0.0596026	-0.028616	-0.00660807	-0.00851669	0.0753095	-0.0788719	-0.0887755	0.0795224	0.116023
HG01248	2	0.0551478	0.00358682	-0.0559618	0.00213538	-0.0335067	0.0398023	0.0290005	-0.0552532	-0.00941279	0.00612078
HG01250	1	0.0184071	0.0212293	0.0629511	0.0302125	0.0110155	-0.0632276	0.046659	0.054822	-0.0698041	0.0852973
HG01251	2	0.0263599	0.0700352	0.0658114	0.03012	-0.0434728	-0.0281747	0.0275028	0.0849026	-0.0079609	-0.0243832
HG01253	1	0.0330776	0.05762	0.0569582	0.0403296	0.0468804	-0.01372	-0.0140786	0.0275996	0.0573876	0.000422799
HG01254	2	0.022048	-0.0449946	0.102124	0.0374794	0.0452446	0.0180138	0.129354	-0.0527847	0.012984	-0.0474202
HG01256	1	0.0416276	0.0868995	0.0474027	0.0587069	-0.00853419	-0.0325707	-0.0405362	0.0306252	0.0123197	-0.0388405
HG01257	2	0.0200321	0.0648515	0.0585203	0.0498634	0.0197812	-0.0123674	0.0489397	-0.0835274	0.0136863	0.0213819
HG01259	1	0.0507356	0.076729	0.0412877	0.0598582	-0.1625	-0.100564	0.0486842	0.0828025	0.00211485	-0.0542091
HG01260	2	0.0183372	-0.00734319	0.0861247	0.0614321	0.0944724	0.0711884	-0.0799882	0.029716	-0.0248263	-0.0323014
HG01269	2	0.0253365	0.0304592	0.0779661	0.0523493	0.12299	-0.0127819	-0.105023	-0.0257801	0.0546849	-0.062321
HG01271	1	0.0278387	0.0271292	0.0775031	0.0201281	-0.0223717	-0.0103035	0.014527	0.00479488	0.0248343	-0.00624126
HG01272	2	0.0199392	-0.0487747	0.0805791	0.0296286	0.0344267	-0.00872611	0.0726761	0.0261679	0.136041	0.117243
HG01275	2	0.065137	0.100779	0.0327123	0.0520742	-0.227753	-0.136612	0.0191851	0.115046	0.00111108	-0.092578
HG01277	1	0.0106037	0.0593595	0.0741172	0.0380948	0.105283	0.0200233	0.00826354	-0.00786172	0.0150655	0.0902916
HG01280	1	0.0232296	0.0652656	0.0686817	0.0623281	0.0812117	0.0695831	-0.0556462	-0.038966	-0.02348	0.0152943
HG01281	2	0.0271767	0.0630441	0.0609316	0.0326039	0.00101711	-0.0579157	0.0627059	-0.0285349	0.0368312	0.0334675
HG01284	2	0.0345144	0.0437722	0.070891	0.0407585	-0.136336	-0.113657	0.0352927	0.0392362	-0.0107491	0.0694391
HG01286	1	0.0534891	-0.0865816	-0.0299185	-0.00265039	-0.0610229	0.224219	0.0610951	0.116507	-0.139406	-0.0432943
HG01302	1	0.0428384	-0.0144777	-0.0901005	-0.00999909	0.143005	-0.0849302	-0.00850518	0.0375353	-0.0421787	-0.00565808
HG01303	2	0.043342	-0.0193757	-0.0857201	-0.0125657	0.0892628	-0.00191526	0.0911426	0.117207	0.0728237	-0.0719673
HG01305	1	0.0444396	-0.0324014	-0.0468245	0.0093282	0.0601771	0.061608	-0.0241826	0.00282183	0.0181032	0.00864611
HG01308	1	0.0509692	-0.0758485	-0.0612199	-0.000543361	0.124229	-0.143003	0.123343	-0.0940411	-0.073866	-0.184522
HG01311	1	0.0579598	0.0180354	-0.0442929	-0.00110123	-0.0467108	0.0800138	-0.00439702	-0.0610316	0.0138317	0.0169292
HG01312	2	0.0514051	-0.016788	-0.0451845	0.00328231	-0.0327017	0.122523	0.0222378	-0.0680234	0.0767198	0.0139797
HG01323	2	0.0472321	0.00132948	-0.0495853	-0.00597106	-0.0309375	0.113726	0.0288665	-0.0543825	-0.0227565	0.0789363
HG01325	1	0.0585566	-0.0122654	-0.0512267	0.00271292	-0.0117301	-0.0963484	-0.0168504	0.0152706	0.00915281	0.0284802
HG01326	2	0.043067	-0.00407567	-0.0675001	-0.0204119	0.0244119	-0.0678677	0.0304989	-0.0334742	-0.052238	0.0930987
HG01341	1	-0.0337129	0.028553	0.0346147	-0.0139097	0.0324175	-0.00861694	0.0604737	0.0119536	-0.00677884	0.000466773
HG01342	2	0.0375761	-0.166416	0.0916831	0.0253041	0.0159532	0.00680059	0.0153625	0.142685	0.0702261	-0.110476
HG01344	1	-0.000608337	0.0295356	0.0314393	0.00452856	0.0503903	0.0157892	0.0033664	0.0590013	-0.0182346	0.0208635
HG01345	2	0.0330999	0.0413208	0.0614336	0.0403876	-0.0188329	-0.00929973	0.0442859	-0.0215872	0.00163041	0.00674655
HG01348	2	0.00550519	0.0363385	0.0742321	0.0160456	0.0198288	-0.02774	0.0852001	0.0467108	0.00975395	0.0691369
HG01350	1	0.00576926	0.0144729	0.0754342	0.0209496	0.081177	0.0288609	0.0736939	0.0886806	-0.0769015	0.0334492
HG01351	2	0.0216042	0.0700306	0.0642299	0.063489	0.110461	0.0108158	0.0128297	0.0102542	0.0643361	-0.0660174
HG01353	1	0.0387536	0.069165	0.0485967	0.0321747	-0.0679535	-0.00733859	-0.0125292	0.0113883	-0.041346	-0.00854616
HG01354	2	0.0446577	0.0861311	0.0608952	0.0429786	-0.0501277	-0.0544162	-0.0791675	-0.0176509	0.0864899	-0.0631843
HG01356	1	0.0181033	0.0376421	0.0768978	0.038656	0.0555487	0.0139321	-0.0247172	0.0425139	-0.0545255	0.0491807
HG01357	2	0.0213449	0.0706002	0.0615487	0.0541632	0.0970108	0.0153369	0.0114365	0.0170318	-0.00471929	0.0239384
HG01359	1	0.0272608	0.0505204	0.0537708	0.0334043	0.00479049	0.00305406	-0.00520219	0.0520068	-0.0309743	0.0836269
HG01360	2	0.0318709	0.0371114	0.0469688	0.0276575	0.022409	-0.0573964	-0.00330847	0.0162028	0.0481588	-0.0304685
HG01362	1	0.0315543	0.00025311	0.0558333	0.0156054	-0.0262051	0.0109559	0.0844294	0.00121087	-0.089141	0.0229489
HG01363	2	0.0188719	-0.0415611	0.098895	0.0341204	0.0433539	-0.0747082	-0.0238019	0.0305817	-0.0104952	0.226278
HG01365	1	0.0241911	-0.0287228	0.0243594	0.0156502	-0.0410558	0.00745385	0.00255003	0.0450483	0.0231368	-0.0579145
HG01366	2	0.0296728	0.00769601	0.0664244	0.0371817	-0.0283841	-0.0320518	0.019231	-0.0543083	0.0454675	-0.0252696
HG01369	2	-0.0168237	-0.0336164	0.100903	0.0054204	0.0519127	0.0510848	0.106924	-0.086642	-0.0831918	-0.00507232
HG01372	2	0.0160417	0.0494703	0.0738026	0.0464708	0.0592875	0.0394268	0.0591309	-0.0406545	0.0133606	0.0654185
HG01374	1	0.0268281	0.0718054	0.0739727	0.0528537	0.111047	0.0623322	-0.0919031	0.00777829	-0.0175495	-0.0223842
HG01375	2	0.0189671	-0.0158388	0.0641889	0.024794	-0.0118216	-0.0528305	0.0675456	-0.0285238	-0.108172	0.011168
HG01377	1	0.0203877	0.014624	0.0625057	0.0220699	0.0458866	0.00475268	-0.0674648	0.0621595	-0.10559	0.017389
HG01378	2	0.00467743	0.0336848	0.075822	0.0342074	0.114616	-0.0193628	0.123441	0.0277633	0.0881355	0.0975706
HG01383	1	0.0294041	0.0683526	0.0771062	0.0562482	0.123506	0.0889462	-0.188418	0.064314	-0.00655184	-0.0402207
HG01384	2	0.0321285	0.0475803	0.0728029	0.0404823	-0.01306	-0.0158647	0.0309785	-0.11157	0.00363645	0.0240652
HG01389	1	0.0490255	0.0612862	0.0472268	0.0450297	-0.0987549	-0.0192038	-0.0017052	0.0608082	-0.0506614	-0.112074
HG01390	2	0.0240214	-0.119984	0.0735503	0.00426256	-0.0101513	0.107673	0.0187469	-0.023116	-0.203948	-0.145221
HG01392	1	0.043083	-0.0464441	-0.0399813	-0.0129754	-0.0187846	0.0863442	0.0596831	-0.156403	-0.0445933	-0.0574395
HG01393	2	0.0516755	-0.0640841	-0.0258163	-0.00434823	-0.0571906	0.0988982	0.0496598	-0.0516129	0.136361	0.00696373
HG01395	1	0.0515206	0.0181166	-0.0659676	-0.00572024	-0.0196295	-0.00585504	0.000121161	-0.0286401	-0.0500276	0.0043535
HG01396	2	0.0400198	-0.0478887	-0.0420105	-0.0185099	0.0818177	0.0515403	-0.0538558	0.0162707	0.066447	-0.0117277
HG01398	1	0.0468737	-0.0342982	-0.0488348	-0.0127119	-0.0512483	0.18273	-0.0467164	0.00242774	0.0294097	-0.0128038
HG01402	1	0.0436162	-0.0420008	-0.0576742	-0.019095	-0.0297663	0.0718843	0.0422304	0.00992698	-0.0115463	0.0781297
HG01403	2	0.0454393	-0.0434257	-0.0358837	-0.00215933	0.00678293	-0.0350308	0.124459	-0.111113	-0.00660375	-0.10891
HG01405	1	0.0541042	0.0102747	-0.0647602	-0.0182926	-0.0506212	0.0360416	0.0426273	-0.0231898	-0.069103	0.0775169
HG01412	1	0.0364889	0.00143124	-0.0860828	-0.0177627	0.106381	-0.0287367	0.0176451	0.0150456	-0.0286558	0.0418296
HG01413	1	0.0414506	-0.0258884	-0.0629104	-0.0251196	-0.00471854	0.0199856	0.00179908	0.047225	-0.0490754	0.102637
HG01414	2	0.0451976	-0.0226321	-0.0464142	-0.00572399	-0.0130036	0.00248049	0.00664345	-0.0784636	-0.0654755	0.0155318
HG01431	1	0.0238571	0.00215734	0.069035	0.025491	0.0379682	0.0101372	0.0927978	0.0181816	-0.0162198	0.0504298
HG01432	2	0.0290535	0.0606646	0.0629824	0.0386626	-0.104175	-0.0766439	0.106976	-0.0132884	-0.023033	-0.031622
HG01435	2	-0.0202847	0.0135769	0.0464047	-0.00380964	0.0537354	0.0113525	0.10716	-0.0492476	0.023446	0.00670894
HG01437	1	0.0518973	0.088185	0.0464167	0.0628324	-0.141978	-0.100381	0.0594028	0.0524208	0.0408439	-0.033485
HG01438	2	0.0639843	0.0894027	0.0168541	0.0447249	-0.138275	-0.0419067	-0.0135212	0.0212447	-0.010349	-0.0199137
HG01440	1	0.0318731	-0.042502	0.0419147	-0.00566376	-0.0362915	0.00491793	-0.082757	0.0578184	-0.169439	0.0643219
HG01441	2	-0.00116545	0.0388654	0.0295311	-0.000126527	-0.00661911	0.00964999	0.0525057	-0.0887312	0.0736803	0.0451075
HG01443	1	-0.0282918	0.0124734	0.0739019	0.0204614	0.0467604	0.0063068	0.079154	-0.00695575	-0.00507101	0.0321949
HG01444	2	0.0222306	0.0100581	0.0717917	0.0351859	0.00425574	-0.053478	-0.00406978	-0.04276	-0.0292057	0.120522
HG01447	2	0.0291038	0.025072	0.0613907	0.028795	-0.0457601	-0.0795308	0.08791	0.0616046	0.0942009	-0.00546151
HG01455	1	0.00227586	0.0443858	0.0755093	0.0422957	0.110194	0.0274507	0.0386228	0.0108345	0.0250729	-0.00312568
HG01456	2	0.00407814	0.0289255	0.075171	0.0173777	0.0652778	0.00272837	0.0605918	0.00416824	0.0147653	0.0393796
HG01459	2	-0.00152923	0.0408003	0.0463575	0.0279979	0.0121442	0.0377515	-0.0179515	-0.0661549	-0.0963452	-0.0608096
HG01461	1	0.0073186	-0.0550545	0.0466989	-0.00538176	-0.0167638	0.045073	0.0871939	0.0562615	-0.11268	-0.111752
HG01462	2	0.0206396	-0.127785	0.0665516	0.00357764	-0.0845286	0.0301574	0.0735476	0.0673545	0.110388	-0.17597
HG01464	1	0.0178781	-0.0554199	0.0997506	0.0289185	0.000742635	-0.0677259	0.0661791	-0.203438	0.015018	0.0621622
HG01465	2	0.0407602	0.0850865	0.0969311	0.0711388	0.166337	0.129353	-0.221957	-5.74522e-05	0.0235715	-0.149444
HG01468	2	0.0424585	0.0872283	0.106204	0.0735401	0.180308	0.154731	-0.307	-0.0917269	0.0388994	-0.19525
HG01474	2	0.0445493	0.0854577	0.0607485	0.0680197	0.0639903	0.0490681	-0.0825934	-0.0151474	-0.0697626	-0.035775
HG01479	1	0.051171	0.0837777	0.0601446	0.060776	-0.0643304	-0.0922828	-0.0241442	0.00131222	-0.0255309	0.0216066
HG01485	1	0.0300862	-0.169103	0.11467	0.0563907	0.0271792	-0.0122188	0.0912558	0.0050753	0.081982	-0.132446
HG01486	2	0.00782492	0.0357111	0.023722	8.20307e-05	0.0383165	0.00549101	0.0199232	-0.0326645	0.0171724	0.0227955
HG01488	1	0.0490217	-0.0128474	0.0596767	0.0421633	-0.0835828	-0.0509132	-0.0145947	0.0049591	0.0157723	0.000586599
HG01489	2	0.0504754	0.0825675	0.0471233	0.0426089	-0.107332	-0.0630657	-0.0188991	-0.0453022	0.132218	-0.073325
HG01491	1	0.0451083	0.08247	0.0627264	0.0630761	0.0517079	0.0710942	-0.0717715	-0.000211099	-0.00326997	-0.0464925
HG01492	2	0.0348845	0.0647445	0.0394598	0.0309919	-0.0957439	-0.0463114	0.0821761	0.035458	-0.0384488	-0.0128187
HG01494	1	-0.000131937	0.000283617	0.0900581	0.0397599	0.067837	0.0317207	0.0355859	0.0274374	-0.0487295	0.109853
HG01495	2	0.00629116	-0.0162624	0.0708618	0.0225814	0.000782031	-0.0286645	0.10014	0.0118887	-0.0328374	0.0411223
HG01497	1	0.0069849	0.0421842	0.0862727	0.0413271	0.0925138	0.03729	0.063117	-0.0979917	-0.0536035	0.0691149
HG01498	2	0.0111559	0.0415034	0.0779879	0.0504741	0.0802314	-0.016691	0.0466428	-0.0467172	-0.0574417	0.141941
HG01550	1	0.0346718	0.0475709	0.068467	0.0644252	0.055978	0.0648849	-0.0963559	-0.0217263	0.0270023	-0.0873979
HG01551	2	0.0372494	-0.191305	0.106238	0.0322834	0.0160883	-0.035585	0.0442385	-0.0124781	0.309696	0.0913345
HG01556	1	0.0166171	-0.0832279	0.0869114	0.0185292	-0.0278355	0.00836382	-0.0136542	0.125191	-0.0313201	0.110816
HG01565	1	-0.0587523	0.0111423	-0.013035	0.00152772	-0.0100509	-0.0146466	0.0237231	0.024505	-0.00882996	0.0180092
HG01566	2	-0.0151937	0.0284705	-0.0289323	0.0105338	-0.0202776	0.00569609	0.00775529	-0.0501695	0.00978096	-0.00906722
HG01571	1	-0.0533027	0.0226642	-0.034587	0.0483774	-0.0398816	-0.0142043	-0.0258834	-0.0501385	-0.00542189	-0.0432503
HG01572	2	-0.107747	-0.00634318	-0.0363655	0.0581872	-0.02193	-0.00432748	-0.019231	-0.0132624	-0.00639277	-0.0075318
HG01577	1	-0.00792723	0.0064763	-0.00582389	0.0325394	-0.0559165	0.00602833	0.0437292	0.012852	-0.0233443	-0.0104675
HG01578	2	-0.0427795	0.0179998	-0.0275404	0.0258518	0.00287453	0.0196667	-0.0179184	-0.063976	0.0167023	-0.0286442
HG01892	1	-0.0634979	-0.0249161	-0.0192896	0.0297788	0.0121775	0.00850493	-0.0121191	0.0322782	-0.00948026	-0.0171943
HG01893	2	-0.0331936	-0.0493729	0.00486345	0.033792	-0.0259086	-0.0259283	0.00722312	0.0182729	-0.00919114	-0.0317551
HG01917	1	-0.0913859	-0.00561317	-0.0367866	0.0537077	-0.0140011	-0.00240438	-0.00150003	-0.0243658	0.00178569	-0.0050318
HG01918	2	-0.0744635	0.0109442	-0.0391423	0.0486164	-0.0266419	0.0102316	-0.0126617	-0.011741	-0.0061357	-0.0177055
HG01920	1	-0.114429	-0.0078227	-0.0458938	0.0644575	-0.0114606	0.00750689	-0.0171289	-0.0143344	0.011605	0.0074609
HG01921	2	-0.0697066	0.00902208	-0.0194824	0.0117423	-0.000560872	-0.0118716	0.0422818	-0.0135139	0.03815	-0.00307691
HG01923	1	-0.106602	-0.00766906	-0.0486528	0.0631175	-0.0322279	0.011956	-0.0214042	-0.00905476	-0.0123836	0.0104346
HG01924	2	-0.0590717	-0.061245	-0.00369406	0.0456542	-0.00892255	0.0358866	0.0253886	0.0253052	0.00249985	-0.00108797
HG01926	1	-0.115708	-0.0101483	-0.0327508	0.0531789	-0.000930584	-0.00865137	-0.00781826	0.00292784	-0.000900441	0.00132246
HG01927	2	-0.10598	-0.000469683	-0.0348194	0.0472383	0.00643347	0.0001938	-0.0127756	0.00413576	-0.010657	-0.0154559
HG01932	1	-0.0794987	0.00958728	-0.0370602	0.0567038	-0.00462753	-0.00404085	-0.0149788	0.0196152	0.0110391	-0.0137656
HG01933	2	-0.0509011	-0.0441718	-0.00353296	0.0117839	-0.00318967	0.00524467	0.0420351	0.00140887	-0.0526869	-0.00336995
HG01935	1	-0.0683645	0.00976121	-0.0425917	0.0657899	-0.0190385	0.00379449	-0.0455115	0.00673943	0.00590267	0.0184499
HG01936	2	-0.0529965	-0.00521362	-0.0327437	0.0332228	-0.0614855	-0.00153228	-0.0403973	-0.0128627	-0.0296901	-0.024878
HG01938	1	-0.114105	-0.00918476	-0.0195303	0.029408	0.00982837	0.000267872	0.0226021	0.0109796	-0.0040422	0.0143773
HG01939	2	-0.0744758	-0.00128934	-0.0424195	0.0537075	-0.0205068	-0.00384652	-0.00950699	0.0101765	0.0166324	0.0129161
HG01941	1	-0.0785144	-0.02826	-0.00630392	0.0018435	0.00750612	0.00338394	-0.00527201	0.00266412	-0.038064	-0.0134786
HG01942	2	-0.0863208	-0.00199014	-0.0260939	0.0372747	0.00254875	-0.00616871	0.00439152	-0.0175384	0.0214812	0.0413116
HG01944	1	-0.0576532	-0.0230556	0.00644458	-0.0082051	-0.0314472	-0.00450224	0.0265251	-0.0361751	0.0124591	-0.0203468
HG01945	2	-0.0760037	0.00638987	-0.044009	0.0478928	-0.0326638	-0.0136722	-0.0369253	-0.00102714	0.0612782	0.0123103
HG01947	1	-0.0434679	0.00526076	0.00141408	0.00469538	0.00629217	-0.00138501	0.0186563	-0.0164857	0.0232801	-0.0139864
HG01948	2	-0.0524091	-0.0945163	0.0111285	0.0564937	-0.0106932	0.0360146	0.0343004	0.0697915	0.00877839	-0.00745108
HG01950	1	-0.0853676	-0.0264601	0.00554954	0.0156925	0.0167084	-0.00819764	0.0580766	-0.0329891	-0.0193482	-0.0362084
HG01951	2	-0.105629	-0.0214324	-0.0120371	0.0148111	0.03666	-0.0114825	0.0233569	-0.000375256	0.00224967	-0.00431865
HG01953	1	-0.0961372	-0.00763957	-0.0353841	0.0483819	-0.0287192	0.000215051	-0.023192	-0.0292542	-0.00644501	-0.0046622
HG01954	2	-0.101217	-0.00350482	-0.0374145	0.0456735	-0.00941432	0.000584617	-0.0223268	0.0102636	-0.0196079	0.00682079
HG01961	1	-0.114945	-0.00659852	-0.0270913	0.0241183	0.00563344	-0.00256103	-0.000158159	0.00598885	-0.000715659	0.0151111
HG01965	2	-0.0397012	-0.0185189	0.0026763	0.0114338	0.0223557	0.0144239	-0.0225066	0.0323015	-0.0363912	0.0191587
HG01967	1	-0.050146	0.0189142	-0.0295743	0.0398408	-0.0105898	-0.0142002	-0.0339242	0.00725218	-0.0607444	0.0271546
HG01968	2	-0.108261	-0.0086782	-0.0257784	0.0393944	-0.00260141	0.00808605	0.0140195	-0.000496786	0.0164731	0.0166876
HG01970	1	-0.0530999	0.0206487	-0.04452	0.0280274	-0.0606009	-0.0116697	-0.0931105	-0.0171196	0.0129696	0.0144102
HG01971	2	-0.0322724	-0.0731782	0.0130254	0.0332345	0.0109669	-0.00138775	0.00701596	0.0298983	0.195803	-0.019045
HG01973	2	-0.0795288	-0.0145027	-0.029292	0.0548037	-0.029297	0.00902403	-0.0300502	0.00793147	0.0369678	0.0479379
HG01974	1	-0.10663	-0.0110161	-0.0105634	0.0108506	0.0202729	-0.00515684	0.0380411	0.00941794	-0.00201704	-0.0025382
HG01976	2	-0.0567363	0.0099455	-0.0453454	0.0440905	-0.0134749	-0.0161464	0.00301249	-0.0103742	0.0232814	0.000323738
HG01977	1	-0.0778363	0.0111416	-0.0347964	0.0373386	-0.0139474	-0.0035418	0.00934816	-0.000602995	-0.000139376	0.0344
HG01979	1	-0.0637756	0.0144699	-0.0474596	0.051495	-0.0307702	-0.008076	-0.0500798	0.0151348	0.0275991	-0.0146632
HG01980	2	-0.0640753	-0.00730189	-0.0298028	0.0352459	0.0200963	-0.0184984	0.0028053	-0.0210926	0.0382466	0.0223189
HG01982	1	-0.0770225	0.00902207	-0.0317425	0.0398122	-0.0275817	-0.00600154	-0.0528368	0.0275465	0.0114292	0.0334037
HG01991	1	-0.0686898	-0.000280084	-0.0352473	0.0435013	-0.0528091	-0.0133439	0.00393998	-0.0348022	-0.00628345	-0.00353224
HG01992	2	-0.0980367	-0.000895149	-0.0272778	0.0333998	0.00484666	0.000438087	0.0248286	0.00697845	0.00220423	-0.00362924
HG01997	2	-0.0941614	-0.00550934	-0.0268934	0.0343325	0.00778064	0.000935119	0.00354657	0.00945316	0.000258303	0.0135237
HG02002	1	-0.0758422	-0.000446852	-0.045086	0.041316	0.0204083	-0.0316854	-0.0277617	0.022773	0.043758	0.0143692
HG02003	2	-0.0848045	-0.00220084	-0.0416742	0.0604725	-0.041042	0.00702951	-0.0410765	-0.0033823	0.0206171	-0.00789767
HG02006	2	0.0170334	-0.186779	0.0490698	0.0629212	-0.0571566	0.0698036	-0.00898776	-0.0245353	-0.0662805	-0.0618151
HG02008	1	-0.083961	-0.00134394	-0.0144993	0.016301	0.00687154	0.0139811	0.026971	-0.0245082	0.011949	-0.00468496
HG02089	2	-0.0531569	0.0159963	-0.0339962	0.0261209	-0.0475453	-0.0169199	-0.034752	-0.00306819	0.00112635	-0.0250382
HG02090	1	-0.0334108	-0.0488013	-0.010715	0.0333006	-0.055951	0.0209151	-0.0299271	0.044135	-0.0558074	-0.0305599
HG02102	2	-0.0863878	-0.00606746	-0.038181	0.0472853	-0.00828479	0.0104377	-0.0203629	0.0460006	0.0231353	0.0229084
HG02104	1	-0.0968778	-0.00799218	-0.0309204	0.0495976	-0.0103985	-0.0102311	-0.0130262	-0.0125281	0.0242269	0.000994472
HG02105	2	-0.104611	-0.00574087	-0.0234475	0.0410288	0.0149551	-0.0027796	0.0157029	0.0182797	-0.00896953	-0.00106287
HG02146	1	-0.0955483	-0.00454491	-0.0285839	0.0601649	-0.0135026	-0.00522911	0.00798991	-0.0324013	0.0104933	-0.00704372
HG02147	2	-0.10058	-0.00285342	-0.0312942	0.0471233	0.000405461	-0.0114184	-0.0122216	0.0205367	0.021446	0.0058436
HG02150	1	-0.108911	-0.00474505	-0.0454764	0.0560887	-0.00743782	0.00408045	-0.0124967	0.0119603	0.0076713	0.00409025
HG02252	2	-0.0515508	0.0104847	-0.0200122	0.0323391	0.0179475	-0.0157985	-0.024255	0.04023	-0.0311006	0.0220382
HG02253	1	-0.0331405	0.0252018	-0.0358147	0.034821	-0.0387344	0.0172903	-0.0489068	-0.0584529	-0.0537669	-0.0448405
HG02259	1	-0.112752	-0.00937022	-0.0439607	0.066643	-0.0123541	-0.00284291	-0.0245534	0.00312761	-0.00545965	0.00574873
HG02260	2	-0.0835539	0.00214045	-0.023515	0.0548711	0.00965575	-0.0107402	0.0162391	0.0136397	-0.00277165	-0.0360374
HG02262	1	-0.0771283	0.00694438	-0.0439388	0.0480019	-0.0274612	-0.0162304	-0.0343055	-0.0218137	0.0148467	-0.00325373
HG02265	1	-0.106085	-0.000504724	-0.0456612	0.0622727	-0.0275187	0.0038922	-0.0141266	-0.00643048	-0.0326989	0.00877137
HG02266	2	-0.100034	-0.00920756	-0.0169424	0.00952722	0.0436186	0.0155673	0.0441964	0.0128073	0.0412883	0.00147767
HG02271	1	-0.113698	-0.0113836	-0.0377067	0.0626434	-0.0350632	-0.00193206	-0.0245827	0.000304039	-0.00891031	-0.00847737
HG02272	2	-0.121689	-0.00776492	-0.0487383	0.0672558	-0.0174284	-0.00238924	-0.0198372	-0.0057691	0.0135178	-0.0118622
HG02274	1	-0.0384798	-0.135047	0.0193178	0.0535004	-0.0512647	-0.0431872	-0.0384111	-0.0394925	0.00483949	-0.0290247
HG02275	2	-0.109261	-0.00582246	-0.0405122	0.0633802	-0.0108257	0.00694357	-0.012538	0.0141049	-0.0111955	-0.00775498
HG02277	1	-0.0569414	0.0176884	-0.0157512	0.0193366	-0.00646911	0.0141708	0.023594	-0.0219506	-0.0333596	-0.0116132
HG02278	2	-0.0977526	-0.0087666	-0.0226706	0.0321769	-0.00118269	0.0140844	0.0045651	0.0170517	-0.0441157	0.0102283
HG02285	1	-0.0768383	0.000471966	-0.0268475	0.0351049	-0.000551092	0.0217634	0.00473106	0.00346006	-0.00252462	-0.00953655
HG02286	2	-0.069979	0.00695265	-0.0257108	0.0403031	-0.0284433	0.00867979	-0.0429381	0.00523886	-0.0433942	-0.00902275
HG02291	1	-0.11174	-0.00707151	-0.0331116	0.0773762	-0.0161018	0.0051677	-0.00293717	0.00759552	0.000997825	-0.00531855
HG02292	2	-0.0924489	0.00522576	-0.040449	0.065207	-0.017365	-0.0112296	-0.0265691	-0.018018	0.0144723	-0.00285101
HG02298	2	-0.0452093	0.0185791	-0.0282959	0.0469603	0.00961365	0.0274009	0.010655	0.0446305	-0.00495769	0.022491
HG02299	1	-0.0918324	0.00102884	-0.0308114	0.0514747	-0.00769041	0.0101384	0.00186732	-0.0120285	-0.0224599	0.0208876
HG02301	2	-0.0849416	0.00392992	-0.0303618	0.0354351	-0.0119419	0.00653438	-0.0377437	-0.0391726	-0.0284234	-0.0282385
HG02304	1	-0.0711798	-0.0293489	-0.0107641	0.0252097	0.00404598	-0.0217423	0.00829218	0.0028351	0.0211509	0.0106139
HG02312	2	-0.0455034	0.0229815	-0.0215354	0.0265862	-0.0177718	0.00616443	-0.0026957	0.0100707	0.0351789	-0.0160387
HG02345	2	-0.0215889	-0.0170831	-0.00662489	0.0200472	-0.0269532	0.0328691	-0.000968428	0.0942803	-0.0293213	-0.0303566
HG02348	2	-0.0855834	0.00369954	-0.0334063	0.0397388	-0.00795815	-0.00765272	-0.00638017	-0.0188471	-0.0299713	-0.00156053
HG02425	2	-0.0340773	0.00166405	-0.00511705	0.000700655	0.00536712	-0.00533625	0.027451	-0.0265201	-0.0168594	-0.0207383
NA19648	2	0.0598346	0.0762016	-0.0238768	-0.000324916	-0.100837	-0.00989373	-0.107204	-0.00743181	-0.0227042	-0.018065
NA19649	1	0.0313446	0.048921	0.00376484	-0.0557391	-0.0754983	-0.0245829	-0.106363	0.0356132	0.109232	0.12461
NA19651	2	0.0248663	0.0322889	0.00667087	-0.0463703	-0.0606465	0.00132391	-0.0259342	-0.0155327	0.00259071	-0.0579803
NA19652	1	0.0230018	0.033635	0.00876562	-0.0496713	-0.0901639	-0.0287418	-0.0680628	0.0311422	0.0544141	-0.00904397
NA19654	2	-0.0245885	0.000402124	0.0275102	-0.109318	0.00426219	-0.0120575	-0.056143	0.0664629	0.0212281	-0.0120775
NA19655	1	0.015721	0.031101	0.00370113	-0.0721275	-0.0378409	-0.0218784	-0.0569733	0.0885658	-0.0146742	-0.0298233
NA19657	2	-0.0343247	-0.000835194	0.0332277	-0.160382	0.0365314	-0.0293444	-0.0644276	0.0881685	0.0925415	0.0128738
NA19658	1	0.0126259	0.0407801	0.019167	-0.0825003	-0.0192872	0.0196581	-0.0366873	-0.00122147	-0.0576039	0.000618224
NA19661	1	-0.0136265	0.0156138	0.0257151	-0.114896	-0.0235051	0.081712	-0.0455841	-0.0185255	-0.0595387	0.0846886
NA19663	2	-0.0323875	-0.00525207	0.0252738	-0.117583	0.00792567	-0.0468203	-0.00600279	0.0374925	0.0306728	0.0459789
NA19664	1	-0.0181449	0.00357111	0.0312823	-0.0862847	-0.0133412	0.0334502	-0.0565622	0.0355744	-0.00595064	0.000688178
NA19669	2	0.0127365	0.0463459	0.0103118	-0.045706	-0.0482393	0.00304373	-0.0493125	0.0610582	-0.0320318	0.0106293
NA19670	1	-0.0112619	0.0170825	0.0234897	-0.0922405	-0.0255737	-0.00535357	-0.0345088	-0.059938	-0.00752163	-0.0130159
NA19676	1	0.0176549	0.0385641	0.00622444	-0.0519783	-0.0521865	-0.0100709	-0.0121343	-0.00932636	0.0289547	-0.00561348
NA19678	2	0.0352892	0.024621	0.00527042	-0.0313034	-0.0431191	-0.00339479	-0.0162376	-0.00516375	-0.0299803	0.0129865
NA19679	1	0.063915	0.0676391	-0.0167061	0.00127945	-0.0964788	-0.0314082	-0.0801366	-0.003756	0.038343	-0.0507282
NA19681	2	-0.0318465	0.000550327	0.0390409	-0.104267	-0.00212702	0.0271186	0.0216476	0.0436635	0.0211902	0.032138
NA19682	1	-0.0154333	0.0276753	0.0301622	-0.0796705	0.00207112	-0.0317262	-0.0502236	-0.0345385	-0.0428023	-0.0560708
NA19684	2	0.0183584	0.053005	-0.000720842	-0.050099	-0.0316152	0.00660104	-0.0468256	0.0101228	-0.0100564	-0.034853
NA19716	2	-0.0226561	0.00225914	0.0342936	-0.111049	0.0196449	0.00172927	0.022119	-0.0652901	0.0114053	-0.017148
NA19717	1	-0.0329209	0.00703546	0.0127092	-0.112091	-0.0257214	4.51249e-05	-0.0356227	0.0651958	-0.023038	-0.0238878
NA19719	2	-0.00126366	0.0121153	0.0252182	-0.0746428	0.00423338	0.0402258	0.0235623	-0.0387323	0.00244082	-0.00180766
NA19720	1	-0.0410143	-0.00458816	0.0388363	-0.119334	0.00959474	-0.0162165	0.00148056	0.00394879	0.021683	-0.0107095
NA19722	2	-0.0111467	0.0135397	0.0278641	-0.102852	-0.0231974	-0.0193696	-0.0105267	-0.0145694	0.00422694	-0.0161079
NA19723	1	-0.0167046	-0.0149092	0.0318052	-0.100051	-0.0633808	-0.0446352	-0.00267524	-0.00834222	-0.0571762	0.0322575
NA19725	2	0.00952715	0.0282279	0.00701448	-0.0654171	-0.0170688	-0.00984293	-0.024433	-0.00573923	-0.0173462	-0.0414308
NA19726	1	-0.0382215	0.0175245	0.0254892	-0.112785	-0.0156271	0.00352778	0.00221806	-0.00765866	0.00545502	-0.0375018
NA19728	2	-0.0920923	-0.00198904	0.0321637	-0.145794	0.0273278	-0.0256702	0.0123615	-0.0366681	0.000504633	0.00883395
NA19729	1	-0.0857107	-0.00195413	0.0477235	-0.145946	0.020578	-0.00341951	0.0135745	1.24429e-05	0.0317337	-0.00986636
NA19731	2	-0.096762	-0.00343279	0.0457044	-0.14768	0.0419682	-0.0137075	0.0399779	0.00105236	-0.000704058	-0.00037354
NA19732	1	-0.0969493	-0.00150009	0.0455501	-0.161396	0.0495801	-0.00277217	0.0443635	-0.0059437	0.00596609	-0.0174729
NA19734	2	-0.0380833	0.0176037	0.0287162	-0.104747	0.00563346	0.00745131	0.00541412	0.0134551	-0.0163555	0.00630945
NA19735	1	-0.0772496	-0.00201959	0.0504534	-0.149936	0.0328172	0.000283857	0.0228354	-0.0099841	0.0083168	0.00897953
NA19740	2	-0.0604883	-0.00201592	0.0409067	-0.134711	0.0221761	-0.0166235	-0.0133277	0.0161162	0.0168664	0.006766
NA19741	1	-0.0766189	0.00445949	0.0448179	-0.150362	0.0285593	-0.0165656	0.000644225	-0.011634	-0.0061909	-0.0118136
NA19746	2	-0.0493658	0.000906385	0.0398824	-0.144001	-0.00350226	0.0242357	0.0332354	-0.0295907	-0.0301925	-0.0250538
NA19747	1	-0.0232153	0.0174917	0.0283195	-0.105466	-0.0196756	-0.00650082	0.0333322	0.0142125	-0.0130097	-0.0135458
NA19749	2	0.00626847	0.0177581	0.015553	-0.071975	-0.0377883	0.0310358	-0.0571355	0.00715238	0.0234248	-0.0407593
NA19750	1	0.0204658	0.034749	-0.00208058	-0.0605861	-0.0429206	0.0188264	-0.0359999	-0.00134807	0.039614	0.000773581
NA19752	2	-0.0164446	0.0244612	0.0335105	-0.118185	-0.0257043	0.0106016	-0.0665317	0.0233057	-0.0419515	0.0929443
NA19755	2	-0.0452147	-0.00906145	0.0364352	-0.130489	0.0295325	-0.0299589	0.00774349	0.000193699	0.0153836	-0.0121252
NA19756	1	-0.0126933	-0.000347731	0.019826	-0.0934551	-0.0216381	0.0139805	0.0274883	0.038985	-0.0467248	-0.108034
NA19758	2	-0.0639051	0.00412668	0.0408959	-0.127525	0.00945435	0.0193234	0.0190862	-0.00397812	-0.0137804	-0.0141073
NA19759	1	-0.0613165	0.00387101	0.0331079	-0.127413	0.0452721	0.00133343	-0.0165717	0.0278287	-0.0256818	0.0276447
NA19761	2	-0.0233327	-0.00359657	0.030339	-0.107924	-0.03741	0.0269685	0.0458039	-0.0457163	-0.0131303	-0.0948058
NA19762	1	-0.0359595	-0.00954955	0.0354485	-0.122085	0.0381067	0.00765487	-0.0229107	0.0457997	0.0235334	0.00319204
NA19764	2	0.00443467	0.0228004	0.0245301	-0.0710871	-0.055622	-0.00291403	-0.0132713	-0.0627197	0.0160919	-0.0664203
NA19770	2	0.00065821	0.0191065	0.0384517	-0.0943673	-0.0646118	0.00328277	0.0190464	-0.0683954	-0.0692345	0.0341397
NA19771	1	-0.0181846	0.0136532	0.033937	-0.11558	-0.00450984	-0.0071168	0.0283166	-0.104687	-0.0439255	0.0190752
NA19773	2	0.0059975	0.0347879	0.0271818	-0.0706884	-0.0334717	0.00416307	-0.015383	-0.0417693	0.0706351	-0.0574896
NA19774	1	-0.0122066	0.00705721	0.0289946	-0.104325	-0.00445428	-0.0104475	-0.0473801	-0.0141644	-0.0252183	-0.0024342
NA19776	2	-0.00759313	-0.0141934	0.0256545	-0.077883	-0.0679144	0.00719294	-0.0457023	0.0287647	0.0278131	-0.020994
NA19777	1	-0.00365525	0.00228255	0.0394762	-0.0815128	-0.0450742	-0.0942091	-0.0490144	-0.0377851	0.0945384	0.0241793
NA19779	2	0.0167364	0.0355434	0.00432656	-0.0508033	-0.0438132	0.0142612	-0.104607	-0.0339692	0.0181775	-0.0167449
NA19780	1	0.00826229	0.0323993	0.0188344	-0.0616573	-0.0372292	0.0114488	0.0141294	0.0367279	0.116165	0.0353216
NA19782	2	-0.00686579	0.00343022	0.0281527	-0.0846839	-0.024269	-0.006664	-0.0247409	-0.0283555	-0.0210918	-0.0522625
NA19783	1	-0.0582738	0.0129867	0.0214809	-0.137272	0.00948099	-0.000873227	0.00456954	-0.0563952	-0.00883772	-0.0516978
NA19785	2	-0.0480278	-0.00945837	0.0481745	-0.139305	0.0239313	-0.0460263	-0.0109967	0.0100294	0.00993516	0.00698063
NA19786	1	-0.0316361	0.012368	0.0257506	-0.14238	0.0182931	-0.0282906	-0.0806635	0.0730161	0.0439486	0.0352661
NA19788	2	-0.0394208	-0.00168688	0.0379253	-0.111827	0.0102657	0.0321516	0.0206632	0.00593742	-0.0675997	-0.040366
NA19789	1	-0.00456327	-0.00134101	0.0296716	-0.0849983	-0.0261988	-0.0194728	-0.012095	-0.0251505	0.00284293	-0.0375827
NA19792	1	0.0158181	0.0226736	0.0142551	-0.0672722	-0.0199213	0.011577	0.00382225	0.0529779	-0.0562683	-0.0298359
NA19794	2	0.0162897	0.0368701	0.0029467	-0.0505922	-0.00525914	-0.0257705	-0.0181992	0.0352179	0.00736208	-0.0583796
NA19795	1	-0.0138729	0.00175444	0.0163621	-0.0973227	-0.0350392	-0.0322201	-0.0467815	-0.0517274	0.0576736	-0.00378834
