IID	Sex	PC1	PC2	PC3	PC4	PC5	PC6	PC7	PC8	PC9	PC10
HG00403	1	0.00131184	0.0386903	0.0164608	0.00181926	-0.00728935	-0.00807983	-0.00566637	0.0229501	-0.0486691	0.0195986
HG00404	2	-0.000337583	0.0396371	-0.0077396	-0.000856041	0.00599832	0.0142428	-0.0619381	0.0141135	0.00173993	-0.0192467
HG00406	1	0.00382203	0.0409355	-0.0150067	-0.0119146	0.00522812	0.00210278	-0.0232198	0.0130303	-0.0413319	0.020178
HG00407	2	0.00218671	0.0323685	0.00497334	-0.00425628	0.00569505	-0.00687594	-0.0478828	0.0324932	0.000145687	0.00752584
HG00409	1	-0.00037881	0.0454404	0.0231372	0.0244368	0.00813403	0.0402465	0.0045764	0.00928847	-0.0277431	-0.00695487
HG00410	2	-0.000373934	0.0420657	0.00777333	0.00462435	-0.00092237	-0.00436351	0.0263074	0.0486049	-0.0107231	0.00400577
HG00419	2	0.00324511	0.0444976	0.0131495	-0.0350129	0.0346638	-0.0159909	-0.0191379	-0.0183325	0.0292287	0.0172483
HG00421	1	-0.00156555	0.0406682	-0.00396824	-0.0107742	-0.00946749	-0.00631932	-0.0370046	0.0243129	-0.00200489	0.0200655
HG00422	2	0.00134334	0.0391231	0.00936911	0.0192911	0.0357437	0.0223875	0.0176799	-0.0891033	0.0292291	0.0419798
HG00428	2	0.00299575	0.0486014	-0.000515552	-0.00269945	-0.00685979	0.00641905	0.000792315	0.0420425	-0.00736337	0.0306804
HG00436	1	0.00338992	0.0392858	0.0072586	0.018367	-0.0135134	0.0174829	-0.026396	0.0303314	-0.00580636	0.0455513
HG00437	2	-0.00196082	0.0427544	0.0110188	0.0157998	0.0095157	0.00796186	-0.03548	0.0141294	0.0149623	-0.013069
HG00442	1	0.00618712	0.0347425	0.0217631	-0.0101762	0.0181861	-0.0132092	0.0314302	0.052016	-0.00776072	-0.00401119
HG00443	2	0.0044412	0.0417551	0.00791772	0.00588572	-0.00438056	-0.0115113	-0.0402489	-0.0066377	-0.0287509	0.00786434
HG00445	1	0.000973738	0.0381353	-0.0135617	0.00784193	-0.00753322	-0.00850555	-0.0291394	-0.00443809	-0.0235522	0.0122221
HG00446	2	-0.000284621	0.0402376	-0.0041324	0.00977395	-0.0129882	0.020861	0.020431	0.0234166	-0.00352183	-0.0370596
HG00448	1	0.00128269	0.0423597	0.0151503	0.00852085	-0.0178715	-0.0383625	-0.0327684	0.0366478	-0.0334259	-0.0545047
HG00449	2	0.00202067	0.0395717	0.0106501	0.00252796	0.0237004	0.00173262	-0.0508997	-0.0379732	-0.0524008	0.0141125
HG00451	1	-0.00271141	0.046629	0.0102643	0.0147694	-0.0171142	-0.00414017	0.00229857	0.0412434	0.0195481	0.0292238
HG00452	2	1.53315e-05	0.0413719	0.0154599	-0.0102445	-0.00681972	-0.0165912	0.00828256	0.0260969	0.006312	0.0319475
HG00457	1	0.00233945	0.0443396	0.0314233	-0.0400482	0.0150503	-0.0105206	-0.0195173	-0.0364483	-0.0107881	0.0108022
HG00458	2	0.000252807	0.0499248	0.0138892	0.00702586	-0.00320555	-0.0131797	-0.0151608	-0.0109356	-0.0515877	-0.00335137
HG00463	1	-1.45885e-05	0.0373492	0.000559058	-0.0590006	0.0147734	0.0218703	-0.00635813	0.00928073	0.0164668	-0.0470449
HG00464	2	0.000394113	0.041646	0.0113354	0.00243682	-0.00203787	0.00271441	0.00281072	0.0403566	-0.00151622	0.0171235
HG00472	1	0.00204498	0.0486118	0.0128749	-0.00680306	0.00634719	-0.0360133	-0.00928309	-0.0312089	0.0134361	5.77749e-05
HG00473	2	0.000130767	0.042553	0.0113341	0.00512347	0.00215594	0.00700438	-0.0208726	0.0152346	-0.0524405	0.00495565
HG00475	1	-0.00487275	0.0567889	-0.00903325	-0.623758	-0.0788109	0.0381408	0.0597812	-0.0484013	0.0462413	-0.0179196
HG00476	2	0.000388969	0.0429639	0.0302121	0.0423741	0.00878067	0.01162	-0.0575325	-0.00994211	-0.00918414	-0.0417678
HG00478	1	0.000770017	0.0465354	-0.00144138	-0.00773364	0.0220747	0.00594473	-0.0285102	0.0140235	-0.0649601	-0.00199407
HG00479	2	0.000813285	0.0425171	0.0039973	0.0285847	0.0412914	0.035487	-0.0510098	0.0209998	-0.0223999	-0.0330884
HG00500	1	-0.00569222	0.0537226	-0.017707	-0.249388	-0.0309319	0.0317948	-0.0276494	-0.0050455	0.0236493	-0.0230636
HG00513	2	0.00476455	0.0382869	0.00715143	0.0137513	0.00309255	0.0366309	-0.0348424	-0.0154079	-0.0549708	-0.0125802
HG00524	1	0.0019157	0.0451681	0.0144984	-0.0294196	0.0438241	0.0173588	-0.0324349	0.00567196	-0.0212688	-0.0302396
HG00525	2	-0.002963	0.0460366	-0.0101167	-0.0258479	-0.010852	-0.0207249	-0.0355453	-0.0413358	-0.0307796	-0.0101316
HG00530	1	0.000744522	0.0491671	0.0118672	-0.0130281	0.0307242	-0.0220149	-0.0220257	-0.0116694	0.0282018	0.0486535
HG00531	2	0.00639718	0.0398457	0.00912425	0.00236025	-0.00978858	-0.015775	-0.0503646	0.0298551	-0.0169962	-0.00255562
HG00533	1	-9.06911e-05	0.0410549	-0.00156401	-0.00588556	0.0276293	-0.0137832	-0.0127182	-0.00663256	-0.0376406	0.0434993
HG00534	2	0.000368286	0.0455621	0.00958583	-0.00404008	-0.00269845	0.00282757	-0.0115754	-0.0184079	-0.0365195	-0.00245608
HG00536	1	0.00364386	0.0455113	0.00680461	-0.0731423	-0.00846379	0.037654	-0.0170498	0.0339426	-0.0219863	0.0269578
HG00537	2	-0.00401847	0.0459772	-0.00600771	-0.0104823	0.0202596	0.03682	-0.0470812	0.030753	0.00372561	0.0172687
HG00542	1	0.000455135	0.0528777	-0.0076629	-0.604768	-0.0955054	0.0237	0.0455514	-0.0304858	0.0292827	-0.0327261
HG00543	2	0.0061466	0.0349324	-0.0261888	-0.00748648	0.0090678	-0.0248059	-0.0131	-0.0362466	-0.0166157	0.0197679
HG00556	1	-0.00245642	0.0474222	-0.00757985	-0.00186591	0.0653403	-0.0164322	-0.0336298	0.0184368	0.0380233	0.0588781
HG00557	2	-0.00335375	0.0498528	0.00944725	-0.00828063	0.0515468	0.0290215	-0.0372364	-0.0117665	-0.0340931	0.0259084
HG00559	1	-0.0112155	0.0320971	0.0125792	0.00766552	0.00887607	-0.00829802	-0.0548486	0.0219011	-0.013116	0.036204
HG00560	2	-0.00304863	0.045712	-0.006913	0.0114598	0.00013563	0.00795986	-0.0356339	-0.0178668	-0.0046317	0.0345018
HG00565	1	-0.00360189	0.0494501	0.0130593	0.00669627	-0.0233132	0.0298086	-0.0870772	0.0240926	0.0235744	0.0281394
HG00566	2	-0.00233398	0.0512322	-0.0158061	0.00924027	0.0108705	0.0204618	-0.0566449	-0.026517	0.0379606	0.0839038
HG00580	1	-0.00416535	0.0493975	-0.00472444	-0.0122237	0.000536444	0.0324654	-0.0409262	0.00440264	-0.00122168	0.000507328
HG00581	2	-0.00557452	0.0551245	0.0148364	0.0109735	0.0208572	0.0207336	-0.203037	-0.0210703	0.134775	0.282056
HG00583	1	0.0119073	0.0272021	0.00520372	0.00654567	0.0230485	0.0409363	-0.0779187	-0.0542266	0.0117146	0.028312
HG00584	2	-0.00576838	0.0535231	0.0166491	0.0145106	0.010093	0.0339258	-0.27622	0.0159346	0.173135	0.0230916
HG00589	1	-0.00119976	0.0421888	-0.000406638	0.00615438	-0.00603148	0.0250814	-0.028987	-0.0280026	-0.00926563	0.0606786
HG00590	2	0.00556768	0.0307663	-0.00969492	0.0077419	0.0191858	-0.0234112	-0.00766844	0.010038	0.0301041	-0.0098601
HG00592	1	-0.0292404	0.0763923	0.0136381	0.0503092	0.00879745	-0.0371396	0.0243365	0.0532911	0.0147131	-0.0183468
HG00593	2	-0.00327195	0.0493417	0.0112975	-0.000535581	-0.0148018	0.0367748	-0.033395	-0.0105358	-0.0261814	0.011899
HG00595	1	-0.00359288	0.0482097	0.00899722	0.0293046	-0.016635	0.0461493	-0.270567	0.0362307	0.188742	0.00375477
HG00596	2	-0.00542677	0.042607	0.00600513	0.00926719	0.00780111	0.00278941	-0.0581667	-0.0292595	-0.0184181	0.0220972
HG00598	1	0.00222368	0.0442219	0.00535128	0.010683	0.0312466	0.0247129	-0.0946406	-0.0184082	0.031923	0.00223764
HG00599	2	-0.010284	0.0526209	0.0166529	-0.00378921	-0.00287579	0.000621903	-0.00432635	0.0468797	-0.0299231	0.0125448
HG00607	1	-0.00335379	0.0536288	0.00786074	0.0126276	-0.00161261	0.0162538	-0.204406	-0.000383321	0.127013	0.238179
HG00608	2	-0.00104075	0.0457546	0.0111487	-0.0136332	0.0165681	0.00756943	-0.0628665	0.0196468	0.0102343	0.011686
HG00610	1	-0.00500645	0.0455021	-0.0108173	0.00276608	0.0511789	-0.0230324	-0.063188	-0.0253018	-0.0022717	-0.049941
HG00611	2	-0.0038524	0.0494928	-0.00316219	-0.0102089	-0.0203022	0.0309777	-0.0436203	-0.0417785	-0.0458427	0.0173034
HG00613	1	-0.00113773	0.0473045	0.00167335	-0.00755629	0.0137037	0.00279617	-0.0635176	-0.0143171	-0.0103015	0.00885878
HG00614	2	-0.00346445	0.0535221	0.00390801	0.010242	-0.00883638	0.0129643	-0.00125493	-0.00564943	-0.0254767	0.0204096
HG00619	1	-0.00149631	0.052417	0.00830096	0.00694964	0.0296913	0.0263489	-0.0805226	0.0204083	-0.0120951	0.0177357
HG00620	2	0.00152993	0.0491244	-0.0128339	0.00565255	-0.00399271	-0.00634291	-0.0897626	-0.00076699	0.0363092	0.0130163
HG00622	1	0.000412156	0.0478386	0.0092333	-0.00347311	-0.00311927	0.02479	-0.0183722	0.00996466	-0.0481867	0.0257993
HG00623	2	-0.00232672	0.0563154	-0.00238238	0.00246515	0.0350782	-0.00014401	-0.0870518	-0.00416122	0.0299049	0.0668563
HG00625	1	0.0106607	0.0298805	-0.0224358	0.00709668	-0.00918507	0.00434865	-0.0104851	-0.0145746	-0.0283873	0.00575446
HG00626	2	-0.00335254	0.0483651	-0.00897132	0.00719379	-0.0184705	-0.00231958	-0.0935347	0.0154308	-0.0143539	-0.00744082
HG00628	1	0.000259965	0.0464847	0.00119674	-0.00407197	0.00498808	0.021205	-0.0574346	-0.0156924	-0.0251392	0.0657136
HG00629	2	-0.00169552	0.0508851	0.0175334	0.0194877	0.00731003	0.0163645	-0.0658221	-0.0235532	-0.00672937	0.0337012
HG00631	1	-0.00381121	0.05556	-0.00117189	0.01722	0.0225743	0.00169218	-0.0489763	0.0203963	0.027746	-0.00815222
HG00632	2	-0.0029328	0.0470189	0.012981	-0.000932428	0.0227419	0.00349754	-0.0374026	0.0347075	0.00186516	0.0499411
HG00634	1	-0.00368925	0.0554385	-0.00278895	0.0217292	0.00755737	0.0254535	-0.0697118	-0.0173011	0.0087307	0.0557544
HG00650	1	0.0189109	0.0211266	0.00564471	-0.0359838	0.00706941	0.030336	-0.0506144	0.0203374	-0.0580248	0.0231452
HG00651	2	0.0160443	0.0231431	0.0208719	-0.0145073	-0.0162976	0.000304152	-0.00641035	0.0231685	0.0196197	0.0233164
HG00653	1	0.0167158	0.0245111	0.0136899	0.0109919	0.0359145	0.0373619	-0.051758	0.0166019	-0.00305612	-0.00360377
HG00654	2	0.0119864	0.029163	0.0187148	-0.00621758	0.0253201	0.00249408	0.00648795	-0.0278908	-0.0393008	0.0170519
HG00656	1	0.0174898	0.018542	-0.00160026	-0.0334633	0.00448845	0.00213189	-0.0329624	0.0135534	0.0144544	-0.00708207
HG00657	2	0.0133906	0.0279694	0.0101789	0.0119654	-0.00452181	0.0312381	-0.0530372	-0.00247243	-0.0101137	0.0145751
HG00662	1	0.0122962	0.0307177	0.0115398	-0.0172539	-0.00129475	0.0256492	-0.0440561	-0.014159	-0.0272818	0.0421935
HG00663	2	0.0184994	0.0263241	0.00549533	-0.0199373	0.000709052	0.0189943	-0.00389684	-0.0199546	-0.00893367	0.0262545
HG00671	1	0.0147551	0.0214846	0.0114234	-0.0242044	0.0238991	0.0144748	-0.0432023	-0.011258	-0.0059972	0.0153504
HG00672	2	0.0159595	0.0234571	0.0143765	-0.00441736	0.0139647	0.0372878	-0.0203782	-0.000293369	-0.0120652	0.0316533
HG00674	1	0.0148414	0.0223203	0.00908436	-0.0106084	0.00730196	0.0387342	-0.0154776	0.016141	-0.0268658	-0.0176644
HG00675	2	0.013386	0.0332539	-0.0093393	-0.0193412	-0.0256819	0.0246068	-0.0348552	0.00986039	-0.0281716	0.0363871
HG00683	1	0.0130329	0.018072	-0.00679843	-0.0191426	-0.0184868	0.0108835	-0.0183076	0.0211634	-0.0638619	0.0230154
HG00684	2	0.0128487	0.0260023	0.00175175	0.00912211	-0.0222616	-0.0065525	-0.0567427	0.0493758	0.00541417	0.0302562
HG00689	1	0.0128752	0.0297527	-0.0150549	-0.0566066	0.00462576	-0.00845951	-0.0905779	-0.00744637	-0.0383003	0.0221792
HG00690	2	0.0189653	0.0231408	-0.0112997	0.0199992	0.00523438	0.00833814	-0.0224707	0.0359651	-0.022828	-0.00560506
HG00692	1	0.0174074	0.0269467	-0.0128764	-0.0140177	0.0112753	-0.000806182	-0.0133158	0.00312032	-0.0170583	0.0211234
HG00693	2	0.0122771	0.0255794	0.000519757	-0.023195	0.0167046	0.0126882	-0.0377834	0.0137762	-0.0479601	0.0226754
HG00698	1	0.0166419	0.020256	0.00939867	-0.0149246	0.0395907	0.0460064	-0.0727661	0.00863284	-0.0355148	0.0572795
HG00699	2	0.0104467	0.033218	0.0108748	-0.018958	0.0136102	0.000113801	0.0267498	-0.0187669	0.00928763	0.0334654
HG00701	1	0.0105841	0.033553	-0.00839605	-0.0148541	-0.000225767	-0.00365326	-0.043224	-0.0138913	-0.0072387	0.029449
HG00704	1	0.0143272	0.0236172	0.00413968	-0.0212514	0.00892101	-0.00622869	-0.0273954	0.0104216	-0.015769	-0.00507276
HG00705	2	0.0133381	0.0302073	-0.00180999	0.000449367	0.0099215	0.0343399	-0.0441066	0.0215073	-0.0285006	-0.0129687
HG00707	1	0.0156218	0.0222309	0.0275143	0.0028955	0.0460229	0.0141751	-0.00378125	-0.025198	0.0242997	0.00629809
HG00708	2	0.0124053	0.0263316	0.00207824	-0.0419829	-0.0107319	-0.00177765	-0.0698241	0.00109767	-0.0551596	0.0368356
HG00717	2	0.0154085	0.0269956	-0.000442043	0.00866612	0.0266816	-0.00101634	-0.0530102	-0.0438305	0.046836	-0.0422253
HG00728	1	0.0189423	0.0167775	0.0332038	-0.0262925	0.0285763	0.0244376	-0.00877425	-0.00594264	0.026395	0.017554
HG00729	2	0.0166667	0.0194394	0.014705	0.00300845	-0.00698063	-0.00543216	-0.033752	-0.0187704	0.00137753	-0.0279864
HG00759	2	0.0513485	-0.0323209	0.0722951	0.00952643	-0.0148753	0.022318	-0.000124304	0.03449	0.0224133	-0.0835533
HG00766	2	0.0560109	-0.0386846	0.104753	-0.00931709	0.0492665	0.0580945	0.0212247	0.0476113	-0.0322286	-0.0345392
HG00844	1	0.0544283	-0.0347126	0.0869016	-0.00436371	-0.0315591	0.0833908	0.053554	0.114174	-0.000435261	0.01997
HG00851	2	0.0575706	-0.0340053	0.165755	-0.00698828	-0.0284099	0.280166	0.206526	0.333035	-0.015976	0.262074
HG00864	2	0.0513986	-0.0358654	0.0620888	0.00120119	0.0464761	0.0402583	0.01364	0.0400984	0.000853619	-0.0454145
HG00867	2	0.0531275	-0.0392228	0.0954127	-0.0152602	0.0330291	0.0368943	0.0239705	0.0929117	0.0123838	0.00252726
HG00879	2	0.0541132	-0.0377517	0.101795	-0.0208735	-0.00429969	0.0788124	0.0504888	0.095102	-0.0442706	0.0272235
HG00881	1	0.0527085	-0.0356077	0.153689	0.020963	-0.0406472	0.280829	0.205999	0.345843	-0.0178695	0.231315
HG00956	2	0.0460562	-0.0237241	0.0678578	0.0161692	0.00824545	0.0234666	-0.0128014	-0.0346861	0.0632201	-0.141119
HG00978	2	0.0436506	-0.0262825	0.0307238	0.0167568	0.0138813	-0.00294603	0.000628435	0.00211935	0.0255507	-0.044047
HG00982	1	0.0521259	-0.0327512	0.053995	-0.0250813	0.0180019	0.014032	-0.00557073	0.0278934	-0.00627404	-0.020405
HG01028	1	0.0538605	-0.0296132	0.0532614	0.00561722	0.0518332	-0.0142142	0.0104594	-0.0151868	0.0291268	-0.0757707
HG01029	2	0.0521035	-0.0307662	0.0703689	-0.00811272	0.0382079	0.0157663	0.00210141	0.014944	-0.00755349	-0.0813674
HG01031	1	0.0534812	-0.0326997	0.088979	-0.00279013	-0.003135	0.082061	0.0238252	0.0667508	-0.0568021	-0.0145292
HG01046	2	0.0534417	-0.0289899	0.050096	0.0168252	0.0206968	0.018908	-0.0202182	-0.0472334	-0.00200498	-0.0909425
HG01595	2	0.0363505	-0.0100411	-0.0650326	0.0127187	-0.00119182	-0.0126522	-0.0226741	0.0134092	0.00125525	0.00411009
HG01596	1	0.0399441	-0.0177613	-0.0706757	0.00761577	-0.0422127	0.0303795	0.0376324	0.0376535	0.00750304	0.0115487
HG01597	2	0.0406214	-0.0201339	-0.0702364	0.00795158	0.00701305	-0.0181368	-0.00742227	0.023879	-0.0445522	0.00536308
HG01598	2	0.0402683	-0.022602	-0.0751843	0.0225482	-0.0140034	0.0273945	0.00335552	-0.027013	0.0116624	0.0324398
HG01599	2	0.0400362	-0.0158343	-0.0743558	-0.0223637	0.0138373	-0.00926432	0.0176076	0.0211085	-0.0240777	-0.01275
HG01600	2	0.0379893	-0.0126562	-0.0507041	-0.0175464	-0.0153864	-0.0448224	0.0496338	-0.0287825	0.0117383	-0.0216252
HG01794	2	0.0546207	-0.0311686	0.0452784	-0.0102513	-0.0118982	0.0284509	0.0272684	-0.0548133	0.0163718	-0.0220405
HG01795	2	0.0494734	-0.0329493	0.0557812	0.0230449	0.0768777	0.0709846	0.203633	-0.244906	0.418488	0.118723
HG01796	2	0.0533958	-0.0361481	0.0528763	-0.0115307	0.031925	0.0265688	-0.0415568	-0.00350578	-0.040072	-0.0518025
HG01797	2	0.0563758	-0.0365569	0.0334132	-0.0178015	0.0288845	-0.0497665	-0.0285813	0.0266	-0.0108269	-0.0443099
HG01798	2	0.00622351	0.028928	0.0130912	0.00107661	-0.0304972	-0.0101577	-0.0174348	-0.0192209	0.0101313	0.0408448
HG01799	2	0.0535906	-0.0359645	0.0492876	-0.0170793	-9.16533e-05	-0.0189541	-0.00300711	0.044266	0.0302171	-0.0126668
HG01800	2	0.0494365	-0.0321212	0.0541396	0.026584	-0.00236409	8.25768e-05	0.0195329	-0.00775054	0.0355818	-0.0613635
HG01801	2	0.05497	-0.0366601	0.086513	0.0114707	-0.223047	-0.09656	-0.0274062	-0.0650597	-4.94279e-05	-0.0172043
HG01802	2	0.0446924	-0.0255019	0.0602617	0.0070337	0.00635176	0.0148348	0.0134355	-0.0353537	0.00739989	-0.0574127
HG01804	2	0.0509426	-0.0298362	0.0440097	-0.0125888	0.0270163	-0.0352945	-0.0153177	0.047184	0.00828744	-0.0262048
HG01805	2	0.0520808	-0.0271447	0.0458227	0.00743558	-0.0330608	-0.0275643	0.0127773	0.0493347	-0.0552747	-0.0129559
HG01806	2	0.0530517	-0.0308285	0.0415251	-0.00868544	0.0145947	0.0201545	0.0607952	-0.0623324	0.0947854	-0.0152158
HG01807	2	0.0541338	-0.0428667	0.0609832	-0.0223081	0.0332506	0.000602281	-0.0448149	-0.0100177	0.00610047	-0.0393816
HG01808	2	0.0499207	-0.0327926	0.0696682	-0.00686057	0.00835225	0.0142865	-0.0330326	0.000764359	-0.022787	-0.0261434
HG01809	2	0.0527557	-0.0362678	0.0655109	0.014884	0.0462765	-0.0217546	-0.0062348	-0.0198664	0.0324762	-0.0773035
HG01810	1	0.0521361	-0.0332894	0.0690522	-0.028475	-0.00326787	0.000772888	0.0216326	-0.0273735	-0.0314181	-0.0340767
HG01811	1	0.0544124	-0.0321343	0.0811106	0.00747506	0.0385371	0.0866781	-0.00233437	-0.0987128	-0.0498302	-0.0147916
HG01812	2	0.0521896	-0.0324795	0.0457665	-0.0120927	0.022433	0.0128764	-0.0174087	-0.022587	-0.00832074	-0.0275702
HG01813	2	0.0465676	-0.0272312	0.0790105	-0.00292517	0.00408833	0.064664	-0.0215933	0.00675142	0.0123323	-0.0146831
HG01815	2	0.052035	-0.0319186	0.0279861	0.0138752	-0.0141671	0.0060587	-0.00443951	0.00834296	0.0128888	-0.0228367
HG01816	1	0.0533343	-0.0333833	0.132038	0.0367627	0.138522	0.204825	0.08188	-0.497641	-0.408426	0.208537
HG01817	2	0.0531892	-0.0339871	0.0447837	0.00868064	0.0517277	-0.0155872	-0.0440725	0.0105171	0.0334425	-0.074988
HG01840	1	0.0386295	-0.0163529	-0.0609601	0.0423399	0.0268369	0.00418585	0.0267919	-0.0096166	-0.0152707	-0.00763209
HG01841	2	0.0411618	-0.0213179	-0.0611667	-0.00278052	-0.016952	0.000341416	-0.00134754	-0.0187535	-0.014906	0.00627971
HG01842	1	0.0437868	-0.0185119	-0.080358	-0.0183107	-0.0210807	-0.0152853	0.0260676	-0.00811564	-0.0384411	0.0152569
HG01843	2	0.0414576	-0.0232788	-0.0785881	0.00520277	-0.0218886	0.0429693	0.030335	0.0207822	0.00813414	-0.0426298
HG01844	1	0.040619	-0.0215446	-0.0802915	0.0484402	-0.0151432	-0.00625565	-0.0230688	0.000207114	-0.0404882	0.014144
HG01845	2	0.0398418	-0.0152012	-0.0606659	0.0290722	0.00360958	0.011988	0.00452845	0.0174807	-0.000272922	0.0150775
HG01846	1	0.0395917	-0.0194277	-0.0958448	0.0179804	0.00940151	0.0140533	0.0177955	-0.0102846	0.00327531	0.0210711
HG01847	2	0.0429917	-0.0239838	-0.0580033	0.0297318	0.000684409	-0.023486	0.0479037	-0.021554	0.012629	0.0326247
HG01848	2	0.038492	-0.0157992	-0.0769236	0.00788197	0.0112394	-0.0200099	0.0282111	0.00382432	0.00252433	-0.0295477
HG01849	1	0.0427174	-0.019561	-0.0537634	0.0118641	-0.005115	0.0431858	0.027573	-0.00812229	-0.023923	0.0336325
HG01850	2	0.0380743	-0.0202901	-0.0751337	-0.000958577	-0.00532272	-0.00912047	0.00881343	-0.0270241	0.0041954	0.00341431
HG01851	2	0.0422145	-0.0221702	-0.0741444	-0.0167256	-0.044092	0.0243051	0.0435876	0.0196148	-0.00286688	0.0287589
HG01852	1	0.0405659	-0.0225366	-0.0793558	0.0109388	-0.0149658	-0.0100809	-0.0264828	-0.0137421	-0.00970517	0.0222123
HG01853	2	0.0425159	-0.0215325	-0.0777787	0.00329233	-0.0191292	0.00460936	-0.011434	-0.000608267	-0.0081939	-0.0178414
HG01855	2	0.0391668	-0.0184828	-0.071214	-0.0187677	-0.00822424	-0.0167311	0.033331	0.00636195	0.0192135	0.028331
HG01857	2	0.0421475	-0.0215147	-0.0567566	0.00641725	-0.0248874	-0.00620819	-0.0234153	0.0302494	-0.0040094	0.0501682
HG01858	2	0.0432863	-0.0196365	-0.0743365	-0.00231361	-0.00483284	-0.000610938	0.00972212	-0.0179944	0.0246956	-0.0113197
HG01859	2	0.0399239	-0.0176353	-0.0746468	-0.00806821	0.0358547	-0.00408856	-0.0217822	-0.0230513	-0.0108175	0.00917035
HG01860	1	0.046301	-0.0281032	-0.0663665	-0.00408816	0.00313342	0.00362016	0.0142199	0.0128094	-0.0138893	0.00635858
HG01861	1	0.0342966	-0.0123066	-0.0818073	-0.0127878	-0.0254408	-0.0179365	0.00649566	0.052064	0.000902048	0.052102
HG01862	2	0.0366145	-0.012495	-0.0318172	-0.0112002	-0.0094459	0.0287982	0.0202749	-0.0387154	0.00495479	-0.0214059
HG01863	2	0.0379467	-0.0139254	-0.100439	0.0181115	0.02616	0.0109884	-0.0240426	-0.00788572	0.0172727	0.0134958
HG01864	1	0.0372524	-0.0244961	-0.0727191	-0.0116789	-0.0295453	0.0193443	0.0424024	-0.0152768	-0.0579433	0.0512997
HG01865	1	0.0421322	-0.0247264	-0.0662237	0.0105218	-0.0330816	-0.013854	0.0177528	0.0124126	0.0247375	-0.0291198
HG01866	1	0.041656	-0.0224714	-0.106371	0.0313858	0.00462321	-0.0338978	0.0328007	0.0335535	0.0241072	-0.00698463
HG01867	1	0.0404778	-0.0263133	-0.089094	0.0112332	-0.0214093	0.010859	0.0423105	0.0114725	-0.0274602	0.0273079
HG01868	2	0.0453036	-0.0190014	-0.0640636	0.011584	-0.0159591	0.00203521	0.0534478	0.0188869	0.0139391	-0.0242663
HG01869	2	0.0443046	-0.0162543	-0.0714228	-0.00478268	0.00891345	0.0111561	0.0124662	-0.0224294	0.00698428	0.00132163
HG01870	2	0.0417855	-0.0186253	-0.0470041	0.00309171	-0.0037603	-0.00889474	0.0107466	0.0150997	-0.0199607	0.058114
HG01871	2	0.0402186	-0.01591	-0.0689203	0.00613967	0.0158156	-0.00544085	-0.0210552	0.0158932	-0.0088155	-0.00554956
HG01872	1	0.0317732	-0.000159353	-0.0615501	0.00747514	-0.0214287	-0.00594812	-9.45166e-06	0.0479756	0.0226239	0.0344679
HG01873	1	0.0397879	-0.0197331	-0.0609476	-0.0184392	0.018412	-0.0155847	0.0167798	-0.00848331	0.00297549	0.040226
HG01874	2	0.0398169	-0.0130671	-0.0773556	-0.0068222	-0.00215296	-0.028767	0.00900036	0.00649731	0.0127472	0.0133224
HG01878	2	0.0400456	-0.030073	-0.0631994	0.0315911	-0.0238853	0.00668696	0.0552107	0.0137272	0.0285127	0.028928
HG02016	2	0.0445492	-0.036631	-0.0950339	-0.00714116	-0.0451656	0.0110413	0.0651312	-0.0247995	0.0409334	-0.0280198
HG02017	1	0.0413662	-0.024399	-0.0746142	-0.0423001	-0.00765383	-0.0105809	0.0393488	0.0289032	0.00960016	-0.0436781
HG02019	2	0.0392392	-0.0189945	-0.0771598	0.00372007	0.00553693	-0.0194524	0.000210455	-0.0433791	0.00357089	0.00135128
HG02020	1	0.0443557	-0.0192659	-0.0889128	0.00574639	-0.0375592	-0.0230525	0.0445003	0.0143488	-0.0357138	-0.0216206
HG02023	1	0.045295	-0.0280292	-0.0871703	0.00514024	0.016461	-0.0279332	-0.00133679	-0.0246974	-0.0373903	0.021853
HG02025	2	0.0424103	-0.0188565	-0.0623258	0.00325037	-0.00327387	0.012885	0.00727028	0.00573144	-0.0346943	0.0223493
HG02026	1	0.0434549	-0.0245133	-0.0676712	0.00874027	0.0102437	-0.00293195	-0.00392182	-0.00520282	-0.0217363	0.0211887
HG02028	2	0.0421773	-0.0169919	-0.098885	0.00969921	0.0150169	0.0339402	0.0334872	-0.0110972	0.0356155	0.0304099
HG02029	1	0.0249415	0.0118938	-0.00290533	-0.0211763	0.00277788	-0.016277	-0.0369235	-0.0258147	-0.00969193	0.0233701
HG02031	2	0.0389313	-0.00962974	-0.0390561	0.00399967	0.00102444	0.0281838	-0.00373089	-0.0144208	-0.0200612	-0.031921
HG02032	1	0.0263192	0.00958478	-0.0271995	-0.012939	0.00858286	0.0231613	0.0191198	-0.0183539	-0.0424282	-0.0121421
HG02035	1	0.038779	-0.0196254	-0.0535166	0.00557882	-0.0210852	-0.00300711	0.0401945	0.0122885	0.0120575	0.0542334
HG02040	1	0.0380595	-0.0171619	-0.0635564	-0.0160159	0.00372356	0.0124474	-0.0157782	-0.01911	-0.0203196	0.0061854
HG02047	1	0.0426623	-0.0258611	-0.0807731	-0.0115604	-0.025477	-0.0120673	0.0218769	-0.00636227	-0.0142943	0.0206692
HG02048	2	0.043244	-0.0162101	-0.0462572	0.0306527	0.00878778	-0.00400628	0.016744	-0.0466503	0.0012631	0.0173317
HG02049	2	0.0450655	-0.0217852	-0.0681359	-0.00352955	0.0168536	-0.0107547	0.0210241	0.00843936	-0.0213265	0.00602427
HG02050	1	0.0416909	-0.0207753	-0.0769009	0.0101525	-0.0180813	-0.0339623	0.0234829	-0.011607	-0.0400532	0.0823091
HG02057	2	0.0408079	-0.0203514	-0.0540472	-0.00171252	-0.0142108	0.00619775	-0.0251479	0.00339091	-0.00777519	-0.00764631
HG02058	1	0.0388704	-0.0254433	-0.0692946	0.0143974	-0.0281933	-0.0386001	0.0362145	-0.0376242	-0.0176435	-0.0465281
HG02060	2	0.042126	-0.0259149	-0.083988	0.0202595	0.0025596	-0.0223846	0.0283662	0.0751055	0.0175719	0.0315339
HG02061	1	0.0389732	-0.0186741	-0.0835665	0.0140596	-0.00503557	-0.00998863	-0.0168255	0.0580263	0.0466662	0.0343388
HG02064	1	0.0437777	-0.0207633	-0.0619024	0.00918577	0.031568	-0.00806108	0.0164672	0.00485313	-0.0307314	-0.00532596
HG02067	1	0.0426955	-0.0207817	-0.101847	0.0189227	-0.0253717	0.0014605	0.00958174	-0.00939726	0.0117947	0.0447288
HG02069	2	0.040754	-0.0258358	-0.0852031	0.0106395	0.00278491	0.0161773	0.0191972	-0.00121872	-0.0374357	-0.002786
HG02070	1	0.0414163	-0.0232916	-0.0692202	0.00194275	-0.00892192	-0.00563118	-0.00744364	0.0484265	-0.0266891	-0.0118754
HG02072	2	0.0402489	-0.0194667	-0.0695487	0.0202208	-0.0102984	-0.00724237	0.032989	0.024969	-0.0145785	0.0350901
HG02073	1	0.0401214	-0.0140876	-0.0428045	0.00372557	-0.015462	-0.0123018	0.0203962	0.000237137	-0.0342206	0.0500394
HG02075	2	0.0411201	-0.016385	-0.0930533	0.00836703	-0.00933475	0.0197082	0.00358165	0.0558174	-0.0557974	0.0776354
HG02076	1	0.0429499	-0.0202169	-0.0740742	-0.025495	-0.0137952	-0.00480121	-0.0106294	0.00142616	0.00710762	0.0198353
HG02078	2	0.0445497	-0.027049	-0.0625587	0.00619921	-0.00601948	-0.0449423	-0.00515057	-0.0182094	0.00418543	0.0232818
HG02079	1	0.0428533	-0.0166478	-0.0605865	0.0259875	-0.0132754	0.00160437	0.00230385	0.0190741	-0.0126785	-0.0400892
HG02081	2	0.04372	-0.0196244	-0.0896251	0.0145269	-0.0309883	-0.0310749	-0.0163725	0.00599993	0.0121002	-0.00660017
HG02082	1	0.0231317	0.00671281	-0.0535721	-0.00282213	0.0111806	-0.0211793	-0.0327158	-0.0047039	-0.0197529	0.0124731
HG02084	2	0.0411883	-0.0238318	-0.058655	-0.0111099	0.0103806	-0.00298179	-0.0048573	-0.0357404	-0.0151925	0.00935592
HG02085	1	0.0442194	-0.0181568	-0.071565	-0.000135515	0.00466661	-0.0157108	0.0042005	-0.0259686	-0.0211817	0.0154472
HG02086	2	0.0424543	-0.0224594	-0.075828	-0.00686138	-0.0307296	-0.00199765	0.0346274	0.00559599	-0.025454	0.0583628
HG02087	2	0.0426272	-0.0224949	-0.0672964	0.0230959	0.00185364	0.00244138	0.0133526	0.00617289	0.0340791	-0.00544947
HG02088	1	0.0427272	-0.0157549	-0.0563009	-0.00992775	-0.0108237	0.010031	0.010186	0.0130508	0.0107417	-0.00784191
HG02113	2	0.0407508	-0.0218042	-0.0720491	0.0239436	-0.0227384	-0.0265897	0.0263218	0.0441814	0.000778854	0.00624182
HG02116	1	0.0403386	-0.0183328	-0.0692153	0.0130338	0.030454	-0.00881359	0.0101291	-0.0154912	-0.00321355	-0.0135769
HG02121	2	0.0443426	-0.0278842	-0.0503663	-0.00460198	0.00158014	-0.0273766	0.0213413	0.00589499	0.015848	-0.04923
HG02122	1	0.018437	0.0128512	-0.0251789	-0.0108849	0.0321453	-0.00210826	-0.0216949	-0.00842393	-0.0251446	-0.0168686
HG02127	2	0.0428989	-0.0238774	-0.0673984	-0.0028625	-0.0093083	-0.0534526	-0.00312982	0.0141954	-0.0165782	0.0400707
HG02128	1	0.041852	-0.01994	-0.0912189	-0.00480879	-0.00943891	-0.0027362	0.00982781	0.00637855	0.0233118	0.0142838
HG02130	2	0.0434708	-0.0234905	-0.0992294	0.00891554	-0.009083	-0.0168894	0.00596297	0.0282838	0.0353183	-0.0199571
HG02131	1	0.0421768	-0.0296804	-0.0576954	0.0229453	-0.01332	-0.050366	0.0606757	0.0456446	0.00665515	-0.0469189
HG02133	2	0.045701	-0.0246079	-0.0886851	-0.010541	-0.0190727	-0.00483738	0.0392941	-0.00165588	0.018466	0.0191881
HG02134	1	0.0417937	-0.0176462	-0.0837342	0.00449491	-0.0282841	0.0244494	-0.0165082	-0.0530315	-0.0153138	-0.00571878
HG02136	2	0.0419736	-0.0191905	-0.0948938	-0.0192502	-0.0468838	0.00271063	0.0437119	0.0305366	-0.00363679	0.0212379
HG02137	1	0.0417669	-0.0195644	-0.0559785	0.0135126	-0.0117437	0.00118184	0.035125	0.00296403	0.0512535	0.0297915
HG02138	1	0.0437075	-0.019959	-0.105771	0.0104017	-0.000979281	-0.0027708	0.0240608	0.00136819	-0.00939407	-0.0588041
HG02139	2	0.0430846	-0.0208689	-0.0548466	-0.0108554	0.00234219	0.0103448	0.015578	0.00129747	0.0171493	0.0184385
HG02140	2	0.0386995	-0.0159211	-0.0895327	0.0289721	-0.00155883	-0.00708914	0.0322298	-0.0119254	0.048189	0.0231047
HG02141	1	0.0394357	-0.0167557	-0.0740851	0.0109115	-0.0160072	-0.0279538	0.0107672	0.0247722	0.018067	0.0142516
HG02142	2	0.0341344	-0.0125289	-0.0742203	-0.00377023	0.00931147	-0.0184648	-0.0018367	0.0241549	0.00722426	-0.0445842
HG02151	2	0.0555594	-0.0388789	0.0834409	0.0223881	-0.134972	-0.00725591	0.00514436	-0.155502	-0.126067	0.0625713
HG02152	2	0.0560253	-0.0369256	0.0707695	0.00861103	0.00913498	-0.0162777	-0.0367336	-0.0157347	-0.0138148	-0.0268108
HG02153	2	0.0486135	-0.0298802	0.0507943	-0.00349687	-0.0847669	-0.0411403	0.0115114	-0.0176805	-0.00344087	-0.114708
HG02154	2	0.05325	-0.0347762	0.0702832	0.0311889	-0.00884957	-0.0283101	-0.0557126	0.0737788	0.143486	-0.055039
HG02155	2	0.0491616	-0.0371408	0.0543004	0.00618857	0.00143399	0.0448299	-0.0392848	-0.00476628	-0.00420179	-0.0245692
HG02156	2	0.0530875	-0.0405222	0.14607	0.0471566	-0.432703	-0.15406	-0.021509	-0.0594925	-0.00678455	0.110134
HG02164	2	0.0481791	-0.0325403	0.0291239	-0.0348442	-0.0141862	0.0182758	0.0228584	0.00218001	-0.0283807	-0.0419375
HG02165	2	0.045036	-0.0275926	0.00293521	0.0303305	0.0113259	-0.0095651	0.00979872	0.0442591	0.0218425	-0.0182554
HG02166	2	0.0560069	-0.0299367	0.0708011	0.00176115	0.0411333	0.00338821	-0.0424407	0.0290939	0.0998021	-0.0669956
HG02178	2	0.0547333	-0.0384223	0.0439236	0.00362177	0.0423718	-0.00809508	-0.016763	-0.0262244	0.0403528	0.0423249
HG02179	2	0.0488116	-0.0316289	0.0563877	0.0276171	0.0479669	0.0837012	0.208349	-0.27681	0.43056	0.116585
HG02180	2	0.0515194	-0.0354537	0.0612582	0.011075	0.0114907	0.00617556	0.00259058	-0.0245621	-0.0344617	0.0103681
HG02181	2	0.0554591	-0.0333825	0.0485872	0.00573772	0.0207749	-0.00364446	0.024786	-0.0186362	0.0166738	-0.0531119
HG02182	2	0.0526011	-0.0409653	0.0908921	0.0432534	-0.20156	-0.0584612	-0.0379956	-0.0611123	0.00534064	-0.0367456
HG02184	2	0.0529783	-0.0325876	0.0430594	0.0276859	0.00641691	-0.00369976	-0.0142267	0.032012	-0.015496	-0.0336254
HG02185	2	0.0505112	-0.0288712	0.0513613	0.0236997	0.0217469	0.0310836	0.0182954	-0.089325	-0.0783547	-0.0492154
HG02186	2	0.050905	-0.0338267	0.0486368	0.00895539	-0.00466712	-0.00722837	-0.0180633	0.0272792	0.0485826	-0.0517102
HG02187	2	0.0539753	-0.0309062	0.0312852	-0.00942352	0.0284143	0.010877	-0.0404813	-0.0108624	0.0191644	-0.0552736
HG02188	2	0.0563821	-0.0378711	0.0730359	0.0248232	-0.16155	-0.061338	-0.00876665	-0.00109239	-0.0369855	-0.0306951
HG02190	2	0.053584	-0.0311467	0.0508981	-0.00961704	-0.013135	0.0493988	0.0102596	0.0125173	0.00233536	-0.0448775
HG02250	1	0.0533102	-0.0362547	0.0711696	-0.0284182	0.0666382	-0.0153082	0.000160789	-0.0413457	-0.0225046	-0.0955926
HG02351	1	0.0528608	-0.0442529	0.016358	-0.000947534	0.00603962	-0.00883711	0.0129784	-0.0166079	-0.0513928	-0.006096
HG02353	1	0.0556695	-0.0382332	0.12519	-0.0786327	0.188959	-0.396722	0.0741103	0.057966	-0.0566886	0.160277
HG02355	1	0.0536358	-0.0375412	0.0297604	0.00414414	0.0239513	0.0125262	-0.020497	0.0017321	-0.000991498	-0.00200615
HG02356	1	0.0569508	-0.0366794	0.116047	-0.0301077	0.196237	-0.274708	0.0463503	0.0552496	-0.00355319	0.129213
HG02360	1	0.0483287	-0.0305852	0.0265875	0.0187693	0.00473153	0.0111211	-0.0300855	-0.0298232	0.0371025	-0.0370133
HG02364	1	0.054652	-0.0361402	0.0420144	0.00512502	0.0121453	-0.00486136	0.0136576	0.00165297	0.0203303	-0.0167574
HG02367	1	0.0548416	-0.0386245	0.0189605	-0.0141598	-0.00219759	0.0172428	-0.0176802	0.00254081	0.0204366	-0.0210168
HG02371	1	0.0563136	-0.0323073	0.02666	0.00425931	-0.0187903	-0.0024346	-0.0157929	0.0267055	-0.00556611	-0.0532465
HG02373	1	0.0528728	-0.0406282	0.0629093	-0.018641	0.0313316	0.0391952	0.0332163	-0.0112293	-0.00234024	-0.0242116
HG02374	1	0.0510826	-0.0272866	0.045381	0.018306	0.0286809	0.00786799	-0.0274936	0.00759047	0.00388203	-0.0643477
HG02375	1	0.0592717	-0.047701	0.0505329	-0.0186919	0.059848	0.0137414	-0.0241229	0.000895052	0.0218114	-0.000892404
HG02379	1	0.0539701	-0.0423694	0.1434	-0.0779541	0.26587	-0.449636	0.066953	0.0560992	-0.0314895	0.187649
HG02380	1	0.0563051	-0.0409316	0.165411	0.0508823	-0.546732	-0.196908	-0.0345333	-0.0579201	0.0198328	0.135828
HG02382	1	0.0524224	-0.0330668	0.0332734	-0.00404487	0.0262565	0.00373787	-0.0391514	0.0401996	-0.016117	-0.0265238
HG02383	1	0.0553746	-0.0374166	0.0627553	0.0302575	-0.00454278	-0.00265744	-0.00654469	-0.0126274	0.0235632	-0.0172053
HG02384	1	0.0556747	-0.0349538	0.045216	0.00958334	0.0391574	0.0229975	0.0044475	0.00746347	-0.0120223	-0.0362028
HG02385	1	0.0529436	-0.0359815	0.0857335	-0.0379623	0.0534094	0.0182557	-0.048844	-0.00411398	0.0101717	-0.0312867
HG02386	1	0.0427647	-0.0218045	0.0490678	-0.0248113	0.0646298	-0.187313	0.0478775	0.0513837	-0.0177846	0.0308264
HG02389	1	0.0535051	-0.0274455	0.0568864	0.025044	0.0214582	0.00438354	-0.0128317	0.00223968	-0.0103706	-0.0156514
HG02390	1	0.0519181	-0.0376871	0.0389644	0.0131945	0.0111357	0.00349776	-0.0214746	0.00506287	-0.00591986	-0.0714167
HG02391	1	0.0549801	-0.0396096	0.0481314	0.0253816	0.0313156	0.0156969	-0.0297429	-0.0188725	0.0465835	-0.0335642
HG02392	1	0.0514931	-0.0337429	0.0257887	0.000664616	0.00332931	-0.0067145	-0.0135209	0.0116835	-0.041943	-0.0388706
HG02394	1	0.0566885	-0.0324724	0.0489462	0.00426111	0.0250504	-0.00812603	-0.00987243	0.0320694	0.0229766	-0.119492
HG02395	1	0.0529621	-0.0379434	0.055244	-0.0105192	-0.0163921	0.0183144	-0.0205886	0.000154306	0.054908	-0.0319459
HG02396	1	0.0568094	-0.039247	0.0210577	0.010455	0.00362743	0.00768735	-0.0392219	0.00461476	0.0402972	-0.0381984
HG02397	1	0.0494955	-0.0341137	0.0555759	0.0273275	0.0493495	0.0198566	0.0247377	-0.0352805	0.00419459	-0.0860213
HG02398	1	0.0536857	-0.0289272	0.0382851	0.00483016	0.0204918	-0.0242666	-0.0468343	-0.0407205	0.0147003	-0.0232481
HG02399	1	0.0549394	-0.0312876	0.0191297	-0.0219089	0.014384	0.0324603	-0.0111267	0.00294628	-0.0200469	-0.0858751
HG02401	1	0.0519787	-0.0358363	0.0510624	0.00573419	0.0141931	0.00684865	-0.00981114	-0.0052564	-0.0143747	-0.0391077
HG02402	1	0.0551271	-0.0349589	0.075213	0.0197292	0.0188434	0.0488698	-0.00438303	-0.00632414	-0.0182894	-0.0328509
HG02406	1	0.0517134	-0.0328009	0.0402279	0.00951868	-0.016424	0.015667	0.0111382	0.0367328	0.000262376	-0.0137377
HG02407	1	0.0536066	-0.0239414	0.0349422	-0.00242496	-0.0044982	0.0060712	-0.00288021	-0.0102441	-0.0249228	-0.0303522
HG02408	1	0.05622	-0.0375605	0.0479642	0.00517699	0.00788567	0.0324235	-0.0276307	0.026937	0.0269126	-0.0394955
HG02409	1	0.0533533	-0.0368684	0.0395148	0.0121591	-0.0104012	0.0457853	0.0103204	0.00471005	-0.0274351	-0.0488712
HG02410	1	0.0523732	-0.0397749	0.0429901	-0.014181	0.00553938	-0.010354	-0.0218705	0.00390168	0.00659819	-0.0605799
HG02512	1	0.0400056	-0.0180563	-0.0560477	0.0183435	0.0252795	-0.0405186	-0.00360177	0.0116543	-0.0297002	-0.0302439
HG02513	2	0.0485826	-0.0226839	-0.0144901	0.00679448	0.0277797	0.00987362	-0.0445029	-0.0168638	0.0330255	0.00194584
HG02521	1	0.0400714	-0.022436	-0.0744175	0.0109422	-0.00970228	-0.00810351	-0.000909058	-0.024388	-0.0199316	0.0618956
HG02522	2	0.0431895	-0.0262402	-0.0812095	-0.000557975	0.0343381	-0.0186082	0.0351586	-0.0278322	-0.00504891	0.0736696
NA18525	2	-0.0153553	0.0619011	0.00931773	0.00339449	-0.00455491	-0.022987	0.0104564	-0.0154815	0.0387538	-0.0401759
NA18526	2	-0.00211215	0.0487223	-0.00380642	0.0272849	-0.0126126	-0.0137178	-0.0476227	0.00551834	0.00534803	0.0151031
NA18528	2	-0.0322676	0.0662381	0.0191585	0.0308801	-0.0288023	-0.0129776	0.0871984	-0.00520571	0.0627097	-0.0711508
NA18530	1	-0.0282622	0.0725669	0.0332775	0.034737	0.000677606	0.00692398	0.0499043	-0.00626307	0.0114495	-0.0209973
NA18531	2	-0.0324267	0.0731111	-0.00910322	-0.00114427	-0.00875299	0.0016108	0.0787243	-0.00495476	-0.0279453	-0.0348042
NA18532	2	-0.0186012	0.0621053	0.0156563	-0.0030949	0.0100012	0.0144777	-0.00539677	-0.00590368	-0.029985	0.0255558
NA18533	2	-0.00281768	0.0435626	-0.00294444	-0.00158761	-0.017762	0.0142632	0.0142765	0.021508	0.024274	-0.0212151
NA18534	1	-0.0250528	0.0713775	0.0110204	0.0451407	0.0183215	-0.0152036	0.0390967	-0.00544988	0.034838	0.0245831
NA18535	2	-0.0308534	0.0665387	0.00268338	0.0180952	0.00944425	-0.0288932	0.0598875	-0.00684108	0.0275117	-0.0420434
NA18536	1	-0.00459451	0.0554545	-0.00236984	0.0286321	0.00829623	-0.00792584	-0.000867603	0.00300896	-0.0327354	-0.0636146
NA18537	2	-0.0231469	0.0614663	0.00745487	0.0293016	-0.0104725	0.00759284	0.0301345	-0.042886	-0.0305375	0.0118706
NA18538	2	-0.0305194	0.062925	-0.0074542	0.0403478	0.00786571	4.57973e-05	0.0486536	0.0257565	0.00162508	-0.0771498
NA18539	2	-0.0346005	0.0726449	0.0280851	0.0328624	-0.0287202	-0.0438599	0.0629805	-0.00158122	-0.0371497	-0.0181415
NA18541	2	-0.0307265	0.0747849	0.00344707	0.0222374	-0.000272076	-0.0158218	0.069853	0.013331	0.0117548	-0.0400021
NA18542	2	-0.0342693	0.0677839	0.0114557	0.0307122	-0.0141562	-0.0395452	0.0656456	0.0186282	0.030557	-0.0768591
NA18543	1	0.000405518	0.0398274	-0.00233406	-0.00079127	0.00665706	0.00834342	-0.00209567	-0.0333726	0.023472	0.0559013
NA18544	1	-0.0292088	0.067112	0.00875933	0.0140185	-0.0171827	0.000298977	0.0324366	0.0208533	0.00224223	0.029619
NA18545	2	8.21134e-05	0.0405159	0.0326865	-0.00124044	0.00194468	0.0106255	-0.0313799	0.0247824	0.00265817	-0.0262105
NA18546	1	-0.0308399	0.0681909	0.000516998	0.0312406	-0.00299717	-0.0275551	0.0621995	0.018896	0.00893565	0.0209911
NA18547	2	-0.0306774	0.067301	0.0150957	0.0346148	0.00823781	-0.0321991	0.0435821	0.0181845	0.0313114	0.010585
NA18548	1	-0.0317992	0.0726888	0.010285	0.0298544	0.00120593	-0.0193552	0.0327451	-0.0156394	0.00504659	-0.0382006
NA18549	1	0.00255195	0.0383464	0.0241266	-0.0197407	0.0296583	0.0354973	-0.0303616	0.0115949	-0.00398982	0.00150203
NA18550	2	0.0264254	0.0107278	-0.00514032	-0.021571	0.0249149	0.00571423	-0.0546747	-0.0254725	0.00183277	-0.0296273
NA18552	2	-0.00993952	0.0535294	-0.00432079	0.0231068	0.0134698	-0.0135652	-0.00162073	0.0149724	0.013307	-0.0468476
NA18553	2	-0.0275777	0.048778	-0.00893909	0.0181215	-0.000596549	-0.0154874	0.0204255	0.00585584	-0.039139	-0.0516843
NA18555	2	-0.00688661	0.044844	0.00186282	-0.00347479	-0.0162103	-0.0179791	0.0212663	-0.024232	-0.0206442	-0.062798
NA18557	1	-0.0332388	0.066829	0.0183784	0.0306573	-0.01586	0.00479009	0.0405991	0.0113378	-0.0206331	-0.0309843
NA18558	1	-0.0310481	0.0634928	0.0237104	0.00266194	-0.0138188	-0.0391115	0.0214338	-0.00667438	-0.0193127	-0.0551454
NA18559	1	-0.0169169	0.0602224	0.00672611	-0.00832903	0.0141292	-0.0230331	0.00280942	0.0135914	0.0135242	-0.00425598
NA18560	2	0.0013618	0.0476289	-0.00689797	-0.00378327	0.0110902	-0.00155649	0.00355216	0.00980012	0.0311058	-0.049353
NA18561	1	-0.0292163	0.0715468	0.00783244	0.0287887	-0.0161498	-0.00689188	0.0537544	0.0194105	0.00850242	-0.0599256
NA18562	1	-0.0327077	0.0707049	-0.00600262	0.0219162	-0.0145082	0.0247695	0.0350582	-0.00468606	-0.00360664	-0.0416216
NA18563	1	-0.031601	0.0734462	0.00414922	0.0150552	-0.000635257	-0.0142945	0.0592039	0.000445574	0.0088942	0.00619894
NA18564	2	-0.0326618	0.0720322	0.0131726	-0.0283084	-0.0042858	0.0121739	0.0902444	-0.0110946	-0.0130485	-0.0241846
NA18565	2	0.000871798	0.0385828	0.019859	-0.00623546	-0.000653133	0.00426929	-0.0323907	0.0358053	-0.0101454	0.0157772
NA18566	2	-0.0279892	0.0681055	0.0184096	0.00178086	0.00455763	-0.0235886	0.0445931	-0.0246812	0.00271332	-0.0278631
NA18567	2	-0.0265532	0.0680206	0.0078855	0.0206959	0.000313114	-0.0179246	0.0405936	-0.002914	-0.0102639	-0.0473936
NA18570	2	-0.00414897	0.045034	0.00648669	0.00784829	-0.00841808	0.025545	-0.00389286	-0.0360957	-0.0281247	0.035793
NA18571	2	0.00126354	0.0326688	0.0238988	0.0151832	-0.000459971	-0.00176663	0.0222757	0.00724008	-0.0153199	0.0101651
NA18572	1	-0.0310771	0.0755838	0.0184801	0.024597	-0.00939941	-0.00966558	0.0058599	0.0391648	-0.00876979	-0.00301178
NA18573	2	-0.00346661	0.0482845	-0.00923968	-0.00916178	-0.011461	0.00967812	0.0035431	-0.00199149	-0.0275349	0.000350275
NA18574	2	-0.0336158	0.0717327	-0.000923706	0.024493	-0.028582	0.000123881	0.077653	-0.0483309	0.0158243	-0.0372073
NA18577	2	-0.0190692	0.0628444	0.0184896	0.00180395	0.00028656	0.00820476	-0.00967291	-0.00684023	0.00600478	-0.0142013
NA18579	2	-0.0313189	0.0693833	0.0035834	0.0289351	-0.0157316	-0.0191392	0.043679	0.0177461	0.00315233	-0.029148
NA18582	2	0.00249251	0.0382157	0.0118396	-0.0249208	-0.0132531	0.00927392	0.020462	-0.00375038	0.0369208	-0.00844741
NA18591	2	-0.000337856	0.0533527	0.00705504	-0.0171495	-0.0264573	0.0417251	-0.0421578	0.0139337	0.00668624	0.0420562
NA18592	2	-0.0286715	0.0672628	-0.0133723	0.0280718	-0.00726367	-0.0120031	0.075996	0.00786137	0.00856394	-0.00603831
NA18593	2	-0.022276	0.0591806	0.0117605	0.0324196	-0.0240804	-0.0056483	0.0250002	-0.00296216	0.00596541	-0.041248
NA18595	2	-0.0333067	0.0704176	0.0225812	0.043262	-0.00181137	0.0198341	0.0379655	-0.0366775	0.00215668	0.0110837
NA18596	2	-0.0321474	0.0774769	0.0339915	0.0287947	-0.0136256	-0.0361928	0.0912017	0.0208978	0.0219572	0.00514934
NA18597	2	-0.0294961	0.0681049	0.0169292	0.0209184	-0.0219055	-0.00467496	0.0280852	0.00926648	-0.00958038	-0.0302348
NA18599	2	-0.032853	0.0727198	-0.00854675	0.000866173	-0.00942372	-0.00481273	0.0821405	0.013031	0.0272502	0.0144762
NA18602	2	-0.0278797	0.0715595	0.00263769	0.0149114	-0.0172264	-0.0513815	0.0240066	0.027382	0.00429887	0.00241321
NA18603	1	-0.0100573	0.0558422	0.00221717	-0.00463645	-0.0193317	-0.0163674	0.0291964	-0.0605407	0.0135415	0.0122555
NA18605	1	-0.0296122	0.0680858	-0.020025	0.0148642	0.00536119	-0.010272	0.0352873	0.0280723	0.0139923	-0.0354653
NA18606	1	0.00433316	0.0456287	0.0241467	0.0240621	0.0246493	-0.0145147	0.0138415	0.0381049	-0.0375629	0.0788046
NA18608	1	-0.0285449	0.06932	-0.00054427	-0.0126357	-0.0175336	-0.0263882	0.0806504	-0.0200832	-0.0411042	-0.0496082
NA18609	1	-0.0298139	0.0719699	-0.00781367	0.0129642	0.0111975	-0.0445806	0.0326359	-0.0306027	0.0230093	-0.0511848
NA18610	2	-0.0227544	0.0601073	-0.00399082	0.00966767	0.0207624	0.00743524	-0.0057478	0.0221497	0.00879806	-0.0294258
NA18611	1	-0.0313869	0.0657616	0.0204948	0.0089549	-0.00236442	-0.0173253	0.0195249	0.00693445	-0.0142699	-0.00230005
NA18612	1	-0.0317393	0.0683494	-0.00714391	0.0600389	-0.022299	0.00201883	0.0569035	0.0140355	-0.0298874	0.0308598
NA18613	1	-0.0277039	0.0688681	0.0217571	0.0106674	-0.023396	-0.01335	0.0388462	-0.00335309	0.0766238	0.0115122
NA18614	2	-0.0212227	0.0610017	0.0149847	0.0271502	0.0103014	-0.0163049	0.0295805	-0.013559	-0.0274227	-0.0184729
NA18615	2	-0.0300765	0.0674842	6.33312e-05	0.0107139	0.0157483	0.0147518	0.049201	0.00179484	-0.0115882	0.0157969
NA18616	2	-0.00211432	0.0465248	0.00294227	0.0141966	-0.0209416	0.00273205	0.00573719	-0.00841092	-0.00599101	-0.0144776
NA18617	2	0.000716441	0.0485646	0.0130306	0.0346865	0.00630393	0.008823	-0.0487941	0.00387708	-0.0344328	-0.0193739
NA18618	2	-0.0328826	0.0678349	0.00553725	0.0345971	0.000862462	-0.0151259	0.0711769	0.0174126	0.0344506	-0.0180246
NA18619	2	-0.02905	0.0697317	0.0139075	0.0312674	-0.0182147	-0.0214313	0.101763	-0.0261139	-0.00559673	0.0268468
NA18620	1	-0.0297106	0.0674215	0.00641881	0.010728	-0.00719777	0.0139546	0.0536004	-0.00131354	-0.00616146	-0.0465435
NA18621	1	-0.0328262	0.0682431	0.0244059	0.0102576	0.00978141	0.000435332	0.0505104	0.00219928	-0.0238909	-0.0208779
NA18622	1	-0.0198265	0.0700652	0.00809999	0.0233208	-0.00134697	0.0133508	0.0310962	-0.00603456	0.0209187	-0.00579967
NA18623	1	-0.0320352	0.065255	0.00697395	0.0271717	-0.0101976	-0.0505559	0.00545714	-0.0255793	-0.0324998	-0.0333478
NA18624	1	-0.0237876	0.0674382	0.00203094	0.0398	0.00460942	-0.00557247	0.0107409	0.0148125	0.0150579	0.017095
NA18625	2	-0.0303952	0.0693753	-0.00944347	0.0146949	-0.0293403	-0.0340849	0.057777	0.0341389	0.0384953	-0.0491362
NA18626	2	-0.0313914	0.0660105	-0.0101125	0.0201042	-0.0249595	-0.0273644	0.0629893	-0.0362366	-0.0482517	0.00113043
NA18627	2	-0.00319431	0.046611	0.00901252	0.00729876	-0.00578751	0.0184568	-0.0136532	0.0124185	0.0220139	-0.0231163
NA18628	2	0.0263866	0.00776427	-0.00335889	0.00468013	0.0151727	0.0314871	-0.0238359	-0.0133063	0.0352206	0.020197
NA18629	1	-0.0123608	0.0589855	0.0113507	0.0339945	-0.00384023	-0.0212043	0.0187376	-0.00667213	-0.0117025	-0.0370103
NA18630	2	0.00945186	0.0287362	0.0163515	0.000107152	0.00804692	0.0437761	0.0134748	0.0173122	-0.0089553	-0.0618821
NA18631	2	-0.0111597	0.0524718	0.00367005	0.00263448	0.00176914	-0.00492888	0.00453402	0.00960016	-0.0255383	-0.0558887
NA18632	1	0.00122573	0.0406855	-0.00166718	-0.0304619	0.0158397	0.002158	-0.0246944	-0.0400311	-0.0239689	0.0325287
NA18633	1	-0.0200981	0.0546286	-5.78757e-05	0.00163143	-0.0025411	-0.00761354	0.017818	0.00774571	-0.0544363	0.0110595
NA18634	2	-0.00569311	0.0428484	-0.00403537	-0.000313991	0.0119748	0.00963732	-0.0189116	0.0204039	0.0350363	0.00347613
NA18635	1	-0.0340479	0.0705375	0.00609583	-0.0033184	-0.00198187	-0.00560519	0.049739	-0.0220642	-0.00788106	-0.0332343
NA18636	1	0.00705633	0.0331771	-0.00927005	-0.0134878	0.00907175	0.0289851	-0.0445756	-0.0186602	0.00859851	0.0084628
NA18637	1	-0.00502938	0.0499974	-0.0020499	0.0194405	-0.0217609	0.00919368	-0.0082379	0.0140921	0.019163	-0.0313694
NA18638	1	-0.00433489	0.0451807	0.0190507	0.0387148	-0.0111325	0.0360471	0.0117576	-0.0685564	0.00587894	-0.0110058
NA18639	1	0.00525511	0.0380547	0.0054274	0.00532956	0.00230579	0.0273349	0.0164028	0.0267244	-0.0270619	-0.0218384
NA18640	2	-0.0291274	0.0657159	0.0216454	0.0210129	0.0123404	-0.0271371	0.00964806	-0.00624728	-0.00684495	-0.0219612
NA18641	2	-0.0219659	0.0664421	0.0143171	0.0189421	-0.0071696	-0.00788024	0.0204967	0.00605352	0.00514097	-0.0097609
NA18642	2	-0.0306542	0.0671125	0.00716872	0.0267239	-0.00712685	-0.0224895	0.124867	-0.0360972	0.0570351	-0.030968
NA18643	1	-0.0305658	0.0705116	-0.000703398	-0.00791535	0.00549434	0.0114079	0.111295	-0.00413915	0.0123355	-0.0143464
NA18644	2	-0.00986801	0.0508559	0.00776328	-0.0113737	-0.00178244	0.0188931	0.0227975	-0.029495	0.0298749	-0.00683755
NA18645	1	-0.00721639	0.0543258	0.00789679	0.00355933	0.00765867	0.000807471	-0.0177229	-0.0215851	-0.000600637	0.0286303
NA18646	2	-0.0297756	0.0745546	0.00198247	0.0137474	-0.000772465	-0.0183938	0.0259834	0.011446	0.0121447	-0.0356816
NA18647	1	-0.0288213	0.0657884	0.00625863	0.00545761	-0.022833	-0.0130499	0.0478334	-0.0248944	-0.00541096	-0.0290597
NA18648	1	-0.0299464	0.0696377	0.00570388	0.0137531	-0.012493	0.0179471	0.0897467	-0.00223645	0.0195001	-0.0180559
NA18740	1	0.00581509	0.034256	-0.00157921	-0.0115701	-0.0158669	0.0124081	-0.0438407	0.00181341	-0.023161	-0.0224457
NA18745	1	-0.0298761	0.0648503	0.019552	0.0082598	0.00169469	-0.0240548	0.0307156	-0.00553101	-0.0375154	-0.0291298
NA18747	1	-0.00832516	0.0516863	0.00171751	-0.00234682	-0.0125346	0.00173257	0.0188506	-0.0242318	-0.0241059	-0.0239496
NA18748	1	-0.00807061	0.0518491	0.00158496	0.0021162	-0.00598184	0.00703596	-0.0341727	-0.00897251	0.0147119	0.0444886
NA18749	1	-0.0308416	0.081231	-0.00189095	0.0075391	0.00438584	-0.0341749	0.00108851	0.00460114	-0.00634239	-0.00580283
NA18757	1	-0.0309944	0.0688076	0.00425229	0.00332235	0.0149731	-0.0474075	0.0380191	0.010207	0.0109431	0.000953945
NA18939	2	-0.0724671	-0.0588502	-0.0113918	0.000886341	0.0171702	-0.00829931	-0.0346064	0.0288679	0.000986763	-0.0111879
NA18940	1	-0.0734747	-0.0563691	0.00441436	-0.0336289	0.00600901	-0.0163484	-0.0107121	0.00473827	-0.0143638	0.00961105
NA18941	2	-0.0714673	-0.0558629	0.00569593	-0.0205835	-0.0306774	-0.00611705	0.00103726	0.022639	-0.01469	-0.0117326
NA18942	2	-0.068545	-0.0497683	0.002312	-0.00388232	-0.00328214	0.0109522	0.0124366	-0.0111735	0.04255	0.0372523
NA18943	1	-0.055737	-0.0397536	0.00844248	-0.00443572	0.0233776	-0.00129137	-0.0469003	0.0241713	0.0494423	0.00306534
NA18944	1	-0.0728451	-0.0586726	0.00921848	-0.0399971	0.00147814	-0.0138938	-0.0161511	0.00646458	0.00280324	0.00191526
NA18945	1	-0.0723007	-0.0618661	-0.0111244	0.0108701	0.0428394	-0.00447068	-0.00816353	-0.00163763	0.0326199	-0.0200569
NA18946	2	-0.071926	-0.0473667	0.00853142	0.0134926	0.0154329	-0.0261406	-0.00269547	0.0422097	0.0219593	-0.0359316
NA18947	2	-0.0717182	-0.0621735	-0.00998894	0.00165584	-0.017185	0.00192621	0.0283647	-0.00548809	-0.0118623	-0.0109167
NA18948	1	-0.0679829	-0.048755	0.00183576	-0.00879647	0.0169589	-0.0205807	-0.0149007	0.000632683	-0.0303745	-0.0318358
NA18949	2	-0.0732677	-0.0532326	-0.0118124	0.0359821	0.0128728	0.0219754	0.00162321	0.00148386	0.0159993	-0.0216816
NA18950	2	-0.0709158	-0.0460419	0.0191946	0.0127172	0.0113544	0.0092799	-0.00996258	-0.00190499	-0.0114336	0.0576684
NA18951	2	-0.0661433	-0.0414277	-0.00908654	-0.0062179	-0.0101415	0.0234698	-0.0190079	0.00446911	-0.0109161	0.0074322
NA18952	1	-0.0667996	-0.0466054	-0.00211822	0.0124212	-0.0262132	-0.00530925	-0.0103166	0.00155834	-0.0136225	0.0213855
NA18953	1	-0.0706027	-0.0501357	0.00519135	0.00646584	0.0121978	0.0124625	-0.042602	0.0394151	0.0174777	-0.0246351
NA18954	2	-0.0548568	-0.0351342	0.00570213	-0.00017585	-0.0246793	0.0139871	-0.0264179	-0.0235234	-0.0135346	-0.0155731
NA18956	2	-0.073275	-0.0532101	-0.0128122	-0.00401762	0.0208599	-0.0113232	0.00666949	-0.030215	0.0140353	-0.0160407
NA18957	2	-0.0736927	-0.0606618	0.00552539	-0.0130219	0.00811475	-0.0114933	-0.00222579	-0.0228252	-0.00162605	-0.0370831
NA18959	1	-0.0685154	-0.0404174	-0.0134399	0.00240865	-0.00262671	-0.00829487	-0.0136302	0.00168902	-0.0132611	0.0238776
NA18960	1	-0.0665099	-0.0504646	0.010918	0.0394381	0.011767	-0.0224791	-0.00769225	0.00627437	-0.0365897	-0.00557431
NA18961	1	-0.0721584	-0.0550765	-0.0128182	0.0179432	-0.00437879	-0.019043	0.0245264	0.0101442	-0.0110717	-0.0174175
NA18962	1	-0.0694985	-0.045886	-0.012168	0.0028262	0.00758284	0.00677155	0.012758	0.030619	-0.0127275	-0.00662931
NA18963	2	-0.06976	-0.0553958	-0.000283426	-0.0050913	-0.0150332	0.0147944	0.0089449	-0.0111184	0.0130283	-0.0359748
NA18964	2	-0.0719311	-0.0645726	0.0180345	-0.0128133	0.0132364	-0.00920086	0.0178805	0.0140106	-0.0308772	0.00674319
NA18965	1	-0.0650605	-0.0392954	0.00630414	-0.00291833	0.00553511	-0.00268052	-0.00531274	-0.0091932	0.0224029	-0.00586523
NA18966	1	-0.0758132	-0.06285	-0.0116996	0.0017227	0.00810295	0.0178461	-0.002857	-0.00169157	0.026549	0.00410944
NA18967	1	-0.0763811	-0.0614385	0.00650665	-0.0223178	0.00194596	0.00616863	-1.54089e-05	0.000272673	-0.00320425	-0.0158543
NA18968	2	-0.0757888	-0.0648298	0.00391841	-0.0198457	-0.0366809	0.00582155	-0.0341576	0.0038185	-0.030671	0.0131495
NA18969	2	-0.0716318	-0.0507452	0.00522091	-0.0176908	-0.00092113	0.0375135	0.0171696	0.00812477	0.00812048	-0.0028139
NA18970	1	-0.0714875	-0.0537805	-0.0080058	-0.0314975	-0.00569127	0.0211167	-0.0281172	-0.00941926	-0.0174382	0.0145593
NA18971	1	-0.0709384	-0.0559036	-0.00388027	-0.0207255	-0.000427629	0.00593676	0.00443267	-0.00877268	-0.0335901	-0.0045674
NA18972	2	-0.0714093	-0.0515982	0.00156104	-0.00601282	-0.0198897	-0.0281531	0.00814083	-0.0313106	-0.00813244	0.0566531
NA18973	2	-0.0717272	-0.0527621	0.0157975	-0.0078721	-0.0180684	0.0333299	-0.0257586	0.0354735	-0.00203715	-0.00278013
NA18974	1	-0.0693575	-0.0497104	-0.00315637	0.00397193	0.0151869	0.00744988	-0.0106674	-0.0489517	0.00473133	-0.0048736
NA18975	2	-0.0717078	-0.051369	-0.00106515	0.0050448	0.00663259	-0.0141068	-0.0312212	0.0295763	0.0411715	-0.00049277
NA18976	2	-0.0503957	0.0230144	0.0195754	-0.00889092	0.00176592	0.00623829	0.0700057	-0.0170354	-0.0212736	0.0369079
NA18977	1	-0.0680671	-0.0543028	0.0131711	-0.00904182	-0.00977786	-0.0341676	-0.0170562	-0.0131156	0.0353737	0.015925
NA18978	2	-0.0758558	-0.0696149	-0.0102319	-0.00364918	-0.00145591	0.048097	-0.00998052	-0.0263219	-0.0429242	-0.011896
NA18979	2	-0.0664295	-0.0380987	-0.00488718	-0.00167124	0.0081297	0.0187513	-0.0109332	-0.00348113	0.0358333	-0.0166295
NA18980	2	-0.0663368	-0.0366535	0.0143573	-0.00111635	0.0361907	0.00654413	-0.0200494	-0.0218471	-0.0123462	0.0569514
NA18981	2	-0.0686153	-0.0586082	-0.0152359	0.0104708	0.00694124	0.029787	-0.0203103	0.00226906	-0.00326422	0.0115653
NA18982	1	-0.0665622	-0.0506133	0.00786223	0.0302611	0.00866565	0.00195638	0.0388341	0.0150854	0.0313465	0.00929953
NA18983	1	-0.0783424	-0.0632533	-0.017688	-0.0144364	0.00558619	0.00942472	-0.00751374	-0.0184903	-0.0104891	0.00157013
NA18984	1	-0.0723294	-0.0535462	0.00157933	0.0287637	0.0243777	-0.00974057	-0.0138993	-0.0528987	-0.023386	0.0697488
NA18985	1	-0.0681191	-0.0479572	0.0177434	0.0146354	-0.0115489	-0.0146112	-0.0103279	-0.0554317	0.00575483	-0.0189014
NA18986	1	-0.0691293	-0.0562571	0.0173688	-0.00833207	0.00681687	0.0268871	-0.00944901	-0.0617986	0.000346239	-0.0207445
NA18987	2	-0.0685325	-0.0487516	-0.00404328	-8.05147e-05	-0.000674069	0.0151109	-0.0179802	0.012716	0.0202057	-0.0158105
NA18988	1	-0.0709738	-0.0481168	-0.00518823	0.0106169	0.00200699	0.0194918	0.0114068	0.0264452	-0.0118561	0.0245996
NA18989	1	-0.0729215	-0.0590502	0.00926289	0.00112997	-0.0224547	0.00970157	-0.0156898	-0.0121788	0.00571396	-0.00557515
NA18990	1	-0.0673963	-0.040116	2.88968e-05	-0.0191177	0.00270216	0.00390215	-0.0361144	0.00415224	0.054031	0.0257778
NA18991	2	-0.0717882	-0.0539554	0.00929142	-1.10325e-05	-0.0162477	-0.0163347	-0.0124143	-0.0078248	-0.0111043	-0.00425049
NA18992	2	-0.0742411	-0.0544778	0.00192246	-0.00317891	0.0116856	0.00870979	0.0209351	-0.0342416	-0.00409917	0.0678196
NA18993	2	-0.0711195	-0.058002	0.0200619	-0.00803149	0.00602201	0.00613499	-0.00915968	-0.00743989	-0.0254018	-0.0336425
NA18994	1	-0.0724904	-0.0569509	0.00864558	-0.0206927	-0.0104589	-0.0203665	-0.00158233	0.0200031	0.0168452	-0.00139141
NA18995	1	-0.0659849	-0.0403491	0.0139443	-0.0277035	-0.00384491	-0.0358186	0.00498777	0.0057777	0.0158838	-0.0466976
NA18997	2	-0.0692019	-0.0503867	-0.0184337	0.0108317	0.000392772	-0.013499	-0.02496	0.016624	0.0130281	0.0209503
NA18998	2	-0.0749978	-0.06368	-0.00379408	0.0307198	-0.0225995	-0.000476343	0.0399696	0.00188528	-0.00895244	-0.0187114
NA18999	2	-0.0667433	-0.0475682	0.00306622	0.00373465	-0.0141621	-0.00615006	-0.0206948	0.0270811	-0.0165708	0.0186017
NA19000	1	-0.0733596	-0.0624975	0.0129865	0.0114176	0.0222047	0.0245239	0.0220311	0.0110143	0.0152386	0.00839284
NA19001	2	-0.0667913	-0.0358436	-0.0228281	-0.00964789	-0.00446812	0.00187161	-0.0197787	-0.00104013	0.0450734	0.024029
NA19002	2	-0.0713487	-0.0564327	0.00746833	-0.0070156	-0.00909482	0.0185063	0.00407518	-0.00122832	0.0161826	-0.00231336
NA19003	2	-0.0743973	-0.0640222	-0.00312274	-0.0219807	-0.024685	-0.0158001	0.0244727	0.0173388	-0.0135231	-0.00433514
NA19004	1	-0.0725907	-0.0580905	0.000121895	-0.0189738	-0.00311989	-0.0155835	0.00718925	0.0202421	-0.0440202	-0.00421577
NA19005	1	-0.0651227	-0.042579	0.00608791	-0.0111219	0.00932863	-0.0237538	-0.00829138	0.00267729	-0.0180206	-0.00853513
NA19006	1	-0.0727032	-0.0561106	0.00240548	-0.00134654	0.0304988	0.0233765	-0.0132626	-0.00758464	0.0169962	0.00584258
NA19007	1	-0.068988	-0.0528315	0.00288778	-0.00239033	0.00367653	-0.000588993	-0.00990275	-0.00532622	-0.000631662	0.020615
NA19009	1	-0.067329	-0.044245	0.00362806	-0.00175171	-0.00331868	-0.0038659	-0.023715	0.0228653	0.00988468	-0.00852346
NA19010	2	-0.0710092	-0.0574255	-0.0235907	-0.00518388	-0.0204566	0.00346918	-0.0185319	0.0135633	-0.0250171	-0.0151638
NA19011	2	-0.0712691	-0.0651632	0.0220247	0.0135027	0.0098238	-0.000495452	0.0244827	0.0127709	-0.0176283	-0.0141817
NA19012	1	-0.0721915	-0.058162	-0.0132779	0.00141182	0.0265562	-0.0157092	-0.0298997	-0.0127876	0.0354612	0.0161037
NA19054	2	-0.0720554	-0.0555571	-0.0038379	0.0102851	-0.0321814	-0.0172606	-0.00518542	0.00288961	0.031802	0.0143826
NA19055	1	-0.0719304	-0.0446603	0.00630492	0.000583892	-0.00334918	-0.0372957	-0.0183729	0.0427764	0.000249917	-0.0144573
NA19056	1	-0.0774158	-0.0654555	-0.00407205	-0.000366319	0.0181713	-0.00123885	-0.00675614	-0.00507015	0.00197506	0.027812
NA19057	2	-0.0699127	-0.0496955	0.00256232	0.0205634	0.00912966	0.00934657	0.00573434	-0.0189651	0.0340431	0.019621
NA19058	1	-0.0688093	-0.0461542	-0.00275659	-0.00243408	0.0068337	0.00204337	-0.00397508	-0.019363	-0.0033855	0.0320862
NA19059	2	-0.0724369	-0.0537037	-0.00963396	-0.0210354	0.0286385	-0.000116626	0.0328254	0.00904977	0.00302879	-0.020656
NA19060	1	-0.0700473	-0.047559	0.00281011	-0.0294799	0.00612695	-0.0100813	-0.00204069	0.0291261	0.00752142	0.0173159
NA19062	1	-0.0666628	-0.0490427	0.00728825	-0.00702172	-0.0195537	-0.00510869	-0.0363743	-0.0180304	-0.0130858	-0.0336863
NA19063	1	-0.0723958	-0.0652969	-0.00420429	0.00280537	0.00306487	0.0219283	-0.0159134	0.00598758	0.00762935	-0.00178615
NA19064	2	-0.0654719	-0.0394158	0.00865052	-0.00108152	0.0248949	0.0300579	-9.3712e-05	0.0262005	-0.0285831	-0.0137884
NA19065	2	-0.0712639	-0.0498303	0.0136589	0.0157966	-0.0040351	-0.0294501	0.0044562	0.017718	-0.0117664	-0.00519231
NA19066	1	-0.0707058	-0.0564716	0.0108305	-0.0350582	0.0165843	-0.00987477	-0.0358683	-0.000441968	0.0419528	0.0121861
NA19067	1	-0.0677009	-0.0509486	-0.0102936	0.00370032	-0.019437	0.00559237	-0.034406	-0.0215854	0.028731	-0.00144059
NA19068	1	-0.0681308	-0.0477131	-0.00517981	-0.0163386	0.00970801	-0.0249223	-0.00534281	0.0251543	0.00635383	0.0131819
NA19070	1	-0.0698213	-0.0426871	0.00211347	0.00764343	0.0258685	0.0104889	0.000658243	0.0340186	-0.0146453	-0.00962111
NA19072	1	-0.0634987	-0.0352887	0.00846796	-0.0180895	0.00212208	-0.00697337	0.00272343	-0.0226449	-0.0268478	0.00180835
NA19074	2	-0.0700477	-0.0458667	-0.000686658	-0.00701648	0.0118045	-0.00711751	0.0199396	-0.0397829	-0.000570671	0.0495844
NA19075	1	-0.0677065	-0.0571539	-0.000607909	0.0057494	0.0125028	-0.0160393	0.00631543	-0.00842698	-0.0188986	-0.0248542
NA19076	1	-0.0664426	-0.039635	-0.00278005	-0.00596231	-0.00550233	0.0163205	-0.00690046	0.0339621	0.0162481	0.0282044
NA19077	2	-0.0693029	-0.0574191	0.00741032	-0.0315761	0.0132455	0.0248456	0.00926048	0.0400439	0.00117741	-0.00849636
NA19078	2	-0.0729572	-0.0621391	-0.0230492	-0.00332619	-0.0050358	0.00838825	-0.0297964	-0.000447556	-0.0560565	0.0144653
NA19079	1	-0.0686059	-0.0492383	-0.00951775	-0.00902117	-0.021851	0.0241855	0.0312356	-0.00622686	-0.0118187	-0.00885133
NA19080	2	-0.0675843	-0.0398593	-0.0103816	0.0130404	0.011688	0.0192361	0.00335351	-0.00895716	-0.0177989	-0.0160402
NA19081	2	-0.0722558	-0.0568695	-0.00700661	0.00557982	-0.00181315	0.0459847	0.0225421	0.0119008	-0.0255613	-0.0195611
NA19082	1	-0.0671606	-0.0454054	-0.00371486	0.0504543	-0.00758043	-0.0341169	0.0454256	0.00996127	0.00727136	-0.00456234
NA19083	1	-0.0683957	-0.0532989	0.0159471	0.00646286	-0.0296265	-0.0268763	0.0294398	-0.0177179	-0.0114487	-0.0119583
NA19084	2	-0.0688642	-0.0379659	-0.0164404	0.00330565	-0.00781733	0.00924777	0.00869477	-0.0219493	-0.0175938	0.0126535
NA19085	1	-0.0715668	-0.05085	-0.00216927	-0.00242999	-0.00343435	0.0281145	0.0171625	-0.0271601	-0.0138696	0.0520839
NA19086	1	-0.0712373	-0.0571177	0.00951901	0.00639566	0.00430921	0.0117524	-0.00769126	-0.00411201	0.0415453	-0.000103178
NA19087	2	-0.0672385	-0.0398405	-0.0046146	-0.00328557	-0.002707	-0.00194341	-0.00828975	0.0129649	-0.0209404	0.00341444
NA19088	1	-0.0706014	-0.0531382	-0.00515018	0.00020425	-0.0139444	-0.00349996	0.0161718	0.0219525	0.022576	-0.0170613
NA19089	1	-0.0760888	-0.0577964	0.00524091	-0.00328913	-0.0210753	-0.02037	-0.00663769	0.0112776	-0.00481786	-0.0126903
NA19090	2	-0.0657404	-0.0454228	0.00863134	0.00152755	-0.00357334	0.0181172	-0.0155586	-0.0227557	0.00635247	-2.31499e-05
NA19091	1	-0.0715148	-0.0613729	0.00895103	0.0123943	-0.0121071	0.0192338	0.0059955	-0.0407913	-0.0156273	-0.00928638
