IID	Sex	PC1	PC2	PC3	PC4	PC5	PC6	PC7	PC8	PC9	PC10
HG00096	1	0.00146673	-0.0702368	-0.0261321	-0.0647823	-0.00276993	-0.08944	-0.0616942	-0.0426663	-0.0245198	-0.0310416
HG00097	2	0.00343503	-0.0682782	-0.0172732	-0.0473252	0.0268631	-0.0653383	-0.031837	0.0152011	-0.089194	-0.0466285
HG00099	2	0.00655627	-0.0712672	-0.0297587	-0.0518668	-0.0360757	-0.0361109	-0.0327222	-0.0385244	-0.0418286	-0.039224
HG00100	2	-0.00336188	-0.0758734	-0.0278942	-0.122633	-0.0213726	-0.115515	-0.0409849	-0.0255155	-0.0554508	-0.0226859
HG00101	1	0.00299849	-0.0814323	-0.0393352	-0.128054	0.017813	-0.0309217	-0.0316459	0.0112815	-0.0414566	-0.0783008
HG00102	2	0.00622609	-0.0825081	-0.0158471	-0.111149	-0.0252229	-0.090516	0.0317255	0.106845	0.0443234	0.0137547
HG00103	1	-0.00106541	-0.0587213	-0.010404	0.0122398	-0.00777351	-0.000983204	0.0306255	0.0249209	0.0485233	-0.113082
HG00105	1	0.00232398	-0.0634262	0.00320248	0.014187	0.00675167	0.00882607	-0.0082308	-0.00554749	-0.0530716	-0.0522711
HG00106	2	0.000549229	-0.0676423	-0.010846	-0.00838809	0.014525	-0.0197861	0.0087776	-0.0323809	0.0615281	-0.129455
HG00107	1	0.00495507	-0.0678149	-0.0425204	-0.0870952	0.0263861	-0.0999924	-0.0664611	-0.00790239	0.0438153	-0.0316595
HG00108	1	0.00545666	-0.0723109	-0.0216723	-0.0823787	0.00876586	-0.0914105	0.0404737	0.0131501	-0.00701104	-0.0216895
HG00109	1	-0.00123585	-0.0703198	-0.0180508	-0.0777596	-0.043154	-0.0479053	-0.0160599	-0.00237712	0.0598891	-0.032122
HG00110	2	0.00508083	-0.0771759	-0.0278263	-0.0703546	0.010322	-0.0989369	-0.0357488	-0.0280325	-0.00561791	-0.0592664
HG00111	2	0.00650033	-0.0787377	-0.0329125	-0.136436	-0.0290783	-0.0450796	0.00580047	-0.00943206	-0.0418337	-0.0520485
HG00112	1	0.00496502	-0.0833863	-0.0453177	-0.161849	0.0192565	-0.396137	0.0632977	-0.0144161	0.0169973	0.142081
HG00113	1	0.000316798	-0.0723589	-0.00757964	-0.112364	-0.00295924	-0.123901	0.039276	0.0401937	0.0402646	0.0605237
HG00114	1	0.00390983	-0.0708657	-0.0180498	-0.158647	0.0243221	0.0203834	-0.0522764	-0.0190991	-0.000190896	-0.0346781
HG00115	1	-0.000155852	-0.0634412	-0.0131864	-0.174232	-0.0371459	0.0130723	0.0164398	-0.0646442	-0.0504654	-0.0300262
HG00116	1	0.00396731	-0.0889873	-0.0458558	-0.50511	-0.153397	0.295639	0.00361005	-0.0418311	0.0287418	0.0256441
HG00117	1	0.00617786	-0.0680434	-0.0104142	-0.0750533	0.0319906	-0.0183539	0.0874449	0.0490194	0.0284687	-0.0436602
HG00118	2	-0.000397971	-0.0773183	-0.0286178	-0.0686337	0.0084819	-0.0753704	-0.0793851	0.0372384	0.047663	-0.114983
HG00119	1	0.00257903	-0.0770741	-0.00953931	-0.0618157	0.0295378	-0.135204	-0.039377	-0.0133011	-0.0531328	0.0990905
HG00120	2	0.00289051	-0.103077	-0.0338679	-0.495244	-0.166358	0.262307	0.000925439	-0.0438404	0.0249537	0.0328402
HG00121	2	0.00657336	-0.0712766	-0.0236448	-0.0499125	0.0631599	-0.110841	-0.0529971	0.00830708	-0.0238	0.0435951
HG00122	2	0.00200675	-0.0603055	-0.00522952	0.00141094	0.0620685	-0.0572524	-0.0580221	0.0105813	-0.0107732	-0.00410925
HG00123	2	0.00536617	-0.0815228	-0.0344616	-0.139549	0.0242727	-0.405427	0.00447364	-0.0557952	-0.00412785	0.129526
HG00125	2	0.00564262	-0.0775274	-0.0137035	-0.0860113	-0.00703078	-0.20979	0.0562817	0.112207	0.0786966	0.0495371
HG00126	1	-0.00323377	-0.0470975	-0.00348336	0.0252868	0.0161244	0.00916686	-0.00257448	0.0105626	0.0274823	-0.00177651
HG00127	2	-0.00146245	-0.0638666	0.0158633	-0.00349251	0.0119859	0.0281162	0.0135763	-0.0770997	0.0116486	0.0193
HG00128	2	-0.00350024	-0.0510413	-0.0290574	0.0172697	-0.0156702	0.00691364	-0.0361305	0.0344089	-0.0442452	0.00437441
HG00129	1	0.00452358	-0.0499264	-0.0224253	-0.00223384	0.0245604	0.0275001	-0.00240406	0.0675383	-0.0739378	0.0229838
HG00130	2	-0.00326363	-0.051471	-0.0309622	0.0282639	0.00280962	0.0146543	0.0515339	0.0298773	-0.0243737	0.0614193
HG00131	1	9.67722e-05	-0.0464771	-0.00751073	0.0231416	0.0160675	0.0386912	-0.0122186	-0.0145528	0.0378574	-0.0607056
HG00132	2	-0.00592486	-0.0590565	-0.0197204	0.0085586	0.0124215	-0.00645789	0.000878469	0.0161675	0.030545	0.0425723
HG00133	2	0.000375942	-0.0471571	-0.00254426	0.0130352	0.044795	0.0254398	-0.0261889	-0.0476389	-0.00786308	-0.060542
HG00136	1	0.00319827	-0.0502147	-0.00926207	0.00985255	0.0562401	-0.0202328	-0.0196885	-0.0180899	-0.0403167	0.00538917
HG00137	2	-0.00193115	-0.0571171	0.0116485	0.00442719	0.0127145	0.00941311	0.0672804	0.0697904	-0.0171029	0.0466727
HG00138	1	-0.00384141	-0.0473833	-0.00770312	0.0100225	-0.00276073	0.0203374	-0.0372399	-0.030151	0.0356144	0.00906958
HG00139	1	-0.00144222	-0.044728	-0.00491595	0.0406227	-0.033552	0.0346955	0.0158301	0.0142262	-0.0571152	0.0224549
HG00140	1	0.00167747	-0.0527362	-0.0242967	0.0238669	0.00425554	0.0319447	0.068868	0.0330873	-0.00352126	0.0338494
HG00141	1	0.0029019	-0.0450282	-0.0105787	0.00922956	0.0381098	0.0388296	-0.0176663	0.0183515	-0.0467079	0.0297932
HG00142	1	-0.000808655	-0.0386555	-0.0270064	0.0125546	0.0103784	0.0267129	-0.0345853	0.0328272	-0.0482376	-0.0583547
HG00143	1	-0.00148571	-0.0382205	-0.020146	0.0107193	0.0388836	0.00914169	-0.0131391	0.019984	-0.00982708	0.00673725
HG00145	1	-0.00276255	-0.0371145	-0.0348751	0.0126106	0.0172042	0.000143924	-0.0652966	-0.0490687	0.0357057	0.0583735
HG00146	2	-0.00274644	-0.0437795	-0.0144387	0.0333615	0.0147704	0.0506704	0.0134365	-0.0230297	0.0582111	-0.0107661
HG00148	1	-0.000237522	-0.0646113	-0.0174051	0.0292352	0.0142553	0.0612402	0.0132591	0.0736057	0.0166594	-0.0316201
HG00149	1	-0.000127403	-0.0474331	-0.011348	0.0244831	0.0108261	0.0126752	-0.0624083	-0.0141003	0.071723	-0.0158951
HG00150	2	-0.00134875	-0.0493279	-0.0132555	0.0341612	0.0250333	0.0330597	0.022967	0.0111897	-0.0536676	-0.0704986
HG00151	1	0.00152839	-0.050997	-0.00945809	0.0198566	-0.00460652	0.00878944	0.0350476	0.0216377	-0.0231805	-0.000128034
HG00154	2	-0.00167337	-0.0446118	0.00229454	0.0217347	0.020977	-0.0220504	-0.0352664	0.0650769	0.0544829	0.0263444
HG00155	1	0.00419444	-0.0570249	-0.0243959	0.0391751	0.0037456	0.0343883	-0.0159827	-0.0639938	0.0458633	-0.0187006
HG00157	1	0.00189959	-0.0543869	0.00543815	0.0230883	0.0171323	0.0637221	-0.0257992	0.0409056	-0.00567073	-0.0169105
HG00158	2	0.000381256	-0.0541713	-0.0184186	0.00969652	0.0268005	0.0103476	0.00843021	0.000969046	-0.00151061	-0.0175582
HG00159	1	-0.00304624	-0.0437769	-0.0084826	0.0237028	0.0133322	0.025489	0.030814	0.0438962	0.0322652	0.0237327
HG00160	1	0.000515941	-0.0544576	-0.0289745	0.0211027	0.0226569	0.0169612	-0.0232323	-0.0391341	-0.0045866	0.00961381
HG00171	2	0.0955995	0.044018	0.00687657	-0.0307335	0.0105037	0.0684756	0.00485749	-0.00316237	-0.0314595	-0.0355793
HG00173	2	0.0882901	0.0406794	-0.0139643	0.00255663	0.00471329	-0.0469108	0.013048	0.00355422	-0.000246026	-0.0556909
HG00174	2	0.0661719	0.00944102	0.00397999	-0.000373539	0.00993872	0.0178182	0.0307968	0.00375712	0.0110343	0.0359841
HG00176	2	0.0863785	0.0501215	0.00422103	-0.00628449	0.000182776	0.0137624	-0.00944036	0.0460506	-0.0164225	-0.0239558
HG00177	2	0.0895568	0.0455474	0.0074834	0.00327203	0.0163162	-0.0282693	0.0034431	-0.00944549	-0.00655915	0.0133293
HG00178	2	0.0803278	0.031527	-0.00598098	0.0228236	-0.0182913	0.00535501	0.0634508	0.057566	0.00945785	0.0830282
HG00179	2	0.0791967	0.0250258	-0.0121485	0.00435414	0.0186465	0.0228859	-0.0199777	-0.0251003	-0.0638116	0.0538061
HG00180	2	0.0793805	0.0221755	-0.00840885	0.0227726	0.0379973	0.0318591	-0.112502	-0.083621	-0.0215033	0.00428742
HG00181	1	0.0491752	0.054757	-0.00178816	-0.00126658	-0.00744733	-0.0154934	0.0335308	-0.00247733	-0.0298096	-0.0226158
HG00182	1	0.086028	0.039447	-0.00443205	-0.0239042	-0.041828	-0.0105554	-0.0205812	0.0225034	0.0316301	0.0769871
HG00183	1	0.0898329	0.0385231	0.0132535	-0.0364476	0.000775359	0.0144936	0.0102385	-0.00655516	-0.039706	-0.00300189
HG00185	1	0.0896956	0.0361633	-0.00600773	-0.0174353	0.0159935	-0.0451326	-0.0263978	-0.0137088	-0.027005	-0.0487908
HG00186	1	0.0935183	0.0413918	0.0140148	-0.0112553	-0.0298116	-0.00831487	0.049973	0.013352	-0.0205432	-0.0659156
HG00187	1	0.0976501	0.0674404	0.0338159	-0.0415053	-0.00306861	0.00284677	0.0326379	-0.012857	-0.0170263	-0.0316107
HG00188	1	0.0797341	0.0367782	-0.00752727	0.0207967	-0.00339236	-0.042452	0.0186352	-0.00974046	-0.0369949	0.00827227
HG00189	1	0.0746563	0.0283086	-0.00377094	0.0118539	-0.0306233	0.0101266	0.00831179	0.00369475	-0.0378802	-0.0220056
HG00190	1	0.0672579	0.0165115	-0.00517783	0.012765	0.0318843	0.0173097	0.0299259	-0.00653041	-0.0148583	-0.0905514
HG00231	2	-0.00475231	-0.0505158	-0.0195322	0.0287094	0.000144895	0.0396059	-0.0368235	-0.0226814	0.0301646	0.0577667
HG00232	2	-0.0022069	-0.0621127	-0.0165903	0.0174412	-0.0984983	0.0208216	-0.0621062	0.014834	0.0352481	0.0279462
HG00233	2	-0.00651227	-0.0440454	-0.0202782	0.0400072	-0.00508426	-0.0350837	-0.0456476	0.0820896	-0.0094277	0.0255828
HG00234	1	-0.000681494	-0.0472506	-0.0156498	0.0413916	0.0144873	0.045451	-0.0140816	0.0369791	-0.0505838	0.0140234
HG00235	2	-0.00198945	-0.0591848	-0.0330455	0.0227117	-0.030369	0.0325674	-0.028499	0.0599121	-0.066589	0.0649156
HG00236	2	-0.00360989	-0.0630735	-0.0154735	0.0525368	-0.00447978	0.0139402	-0.111894	0.00910717	0.00920473	0.0110891
HG00237	2	-0.00206605	-0.0538736	0.00500825	0.017359	-0.00214586	0.0766298	-0.0646427	-0.0735869	-0.0180845	0.00825329
HG00238	2	-0.00363179	-0.0737546	-0.0303732	0.180944	-0.582915	-0.0700291	0.0288586	-0.04206	0.00845934	-0.014167
HG00239	2	0.000530616	-0.0541594	-0.0055158	0.0278974	-0.00591613	-0.00333657	-0.0095142	-0.00654925	0.0159844	0.0190159
HG00240	2	-0.00139917	-0.0758118	-0.0238802	0.171928	-0.579292	-0.0427047	0.0274629	-0.0562046	-0.015561	-0.014758
HG00242	1	-0.00217711	-0.0529244	-0.0137595	0.0232701	-0.0291614	-0.0263113	-0.0166522	0.0277416	-0.0524771	-0.00766567
HG00243	1	-0.00154706	-0.0629789	-0.00641933	0.0144805	-0.00619756	0.00399437	-0.0508183	0.0317546	0.0238247	0.0229749
HG00244	1	-0.00699657	-0.0515276	0.00560562	0.0391621	-0.0184955	0.00412178	-0.0350994	0.0581487	-0.0402858	-0.0405964
HG00245	2	-0.000181919	-0.040746	0.00318029	0.0235196	-0.021609	0.0730525	-0.00241245	-0.0461795	0.0658141	-0.0152396
HG00246	1	-0.00332244	-0.0459206	-0.0136931	0.0391305	0.0145809	0.0042633	-0.00679466	0.0493967	0.0240485	0.039663
HG00250	2	-0.0010921	-0.0487661	-0.0193439	0.0343108	0.0163263	2.19109e-05	-0.0384595	-0.0341641	-0.00465425	-0.0324948
HG00251	1	-0.00573763	-0.0538777	0.00430437	0.0210318	-0.0373233	-0.00916599	0.0173716	0.0466513	0.0157938	-0.0229224
HG00252	1	-0.000638907	-0.0538629	-0.0141451	0.00950508	-0.0319684	0.0163358	-0.0599478	-0.0439334	0.026551	0.0445774
HG00253	2	-0.0023466	-0.0651466	-0.00815234	0.0129803	-0.0261095	0.033045	-0.0297874	0.0170404	0.0350161	0.0221483
HG00254	2	-0.00179184	-0.0561795	0.00179534	0.0387486	-0.0162428	0.0835815	-0.0147261	0.0576491	0.0441423	0.00211795
HG00255	2	-0.000808531	-0.0573316	-0.0150521	0.0245387	0.0161412	0.00456536	-0.0830615	-0.0546807	0.0215569	0.0445187
HG00256	1	-0.00127611	-0.0623947	-0.00360061	0.0252745	-0.00126966	0.0206287	-0.0230873	0.0307468	0.0373612	0.0262253
HG00257	2	-0.00378213	-0.051453	-0.0136119	0.00904146	-0.00316597	-0.0120118	-0.0376046	0.0329589	-0.0152288	-0.0181789
HG00258	2	-0.00128998	-0.055788	0.0117292	0.0270825	-0.0131045	-0.00527237	-0.00741927	0.0492297	-0.0323319	0.0248879
HG00259	2	-0.00452546	-0.0480439	-0.0111465	0.0381385	-0.0575326	-0.00177184	-0.045582	0.0180915	-0.0184168	0.0378148
HG00260	1	0.00280515	-0.0481615	-0.00787109	0.0208644	-0.0113582	0.0293565	-0.0593951	-0.0474738	0.0108508	0.081359
HG00261	2	-0.00542283	-0.056778	0.00732133	0.0106215	-0.00700141	0.0216187	0.00548818	0.0300073	0.0721816	-0.0454469
HG00262	2	-0.00044065	-0.0584978	-0.0234844	0.0118841	-0.0100088	0.0120523	0.0465612	0.0372016	-0.0180737	-0.000892605
HG00263	2	-0.00466226	-0.0489406	-0.00837696	0.0131107	0.0223421	0.0293903	0.0364773	0.0282775	0.0153531	0.0566713
HG00264	1	-0.00597066	-0.060144	-0.00410884	0.0359137	-0.0138245	-0.0153942	-0.0808444	0.0206145	0.0379124	0.0305489
HG00265	1	2.82316e-05	-0.063765	-0.00758664	-0.00671572	0.0206405	0.000107887	0.0476749	0.0245078	-0.023595	-0.0155031
HG00266	2	0.0838313	0.0548149	0.00535052	-0.0183934	-0.0223812	-0.0277517	-0.0354611	0.0356819	-0.0131219	-0.0192409
HG00267	1	0.0888783	0.0420007	0.0051941	-0.017672	-0.0108908	0.00204894	-0.0264958	0.069828	0.00645367	0.0255189
HG00268	2	0.0746218	0.0183119	0.0115954	0.0251736	0.00204007	0.0314623	0.0149784	-0.0374441	-0.0121693	-0.0220813
HG00269	2	0.0919907	0.0363843	0.00974341	-0.00386384	-0.0132743	-0.0192797	0.00995613	0.0335631	0.00827	0.037953
HG00271	1	0.103914	0.0571341	0.0148838	-0.00787353	-0.00286245	0.0133564	0.0167599	-0.0401826	0.0337761	-0.0643429
HG00272	2	0.0986053	0.0651294	-0.00438682	-0.00242124	-0.0125154	-0.0147028	-0.0838792	-0.0463622	-0.00638309	-0.0233664
HG00273	1	0.0710445	0.020751	0.0291241	0.000817599	0.0358915	0.0241496	0.0406347	0.0348457	-0.0228961	-0.0209327
HG00274	2	0.0751554	0.032803	0.0166972	0.0136218	0.0133666	-0.00777742	-0.016567	-0.0269904	-0.0180722	-0.0285479
HG00275	2	0.0688204	0.0201946	0.00125202	-0.0265104	0.0293307	-0.00319032	0.0360404	0.0265436	0.0641406	-0.0248197
HG00276	2	0.0834206	0.0453125	-0.00361072	0.00743272	0.0149824	-0.0541688	-0.0529855	-0.0596487	0.0369312	0.0368751
HG00277	1	0.0583031	-0.00100268	-0.0131083	-0.0163506	0.0257522	0.0251748	-0.0288028	0.0181014	-0.0567491	0.0115534
HG00278	1	0.0901078	0.0512856	0.0168396	0.00596388	-0.0196375	0.000974048	0.00403687	0.0625777	-0.0265124	-4.37895e-05
HG00280	1	0.0849499	0.0275841	-0.00334408	-0.0377481	0.00934522	-0.0153626	-0.0694705	0.0304321	-0.0617939	0.0345127
HG00281	2	0.0819653	0.0289466	0.00125304	-0.00654035	-0.0289397	0.0142569	-0.0507828	-0.0477282	0.0349044	0.00498539
HG00282	2	0.0850426	0.0379189	0.000548789	-0.00609033	-0.0150175	-0.0242556	0.00949873	-0.0654589	0.0210938	-0.00770679
HG00284	1	0.0822301	0.0401802	-0.00671771	0.00212621	0.020856	0.0132891	-0.00402674	0.0242125	0.00807835	-0.0818561
HG00285	2	0.0974328	0.0507663	0.00228104	-0.00504108	-0.0116387	-0.0184584	-0.0344321	-0.0642107	0.0508491	-0.00806887
HG00288	2	0.0959828	0.046828	0.00245019	-0.00294587	-0.0191882	0.0155888	0.00764313	-0.0825026	0.0342644	0.0174342
HG00290	1	0.0976242	0.0510081	0.0180522	-0.0107297	-0.0089286	-0.0306847	-0.0107542	0.0277883	-0.0205657	0.00139462
HG00304	2	0.0992231	0.0549032	0.0106721	0.00323675	-0.0174361	0.00661679	-0.0500647	0.0152032	0.0688228	-0.0248249
HG00306	2	0.0662603	0.00749488	-0.00436707	-0.00453685	0.0319176	-0.00432141	-0.0415202	-0.0129907	-0.065638	-0.0147286
HG00308	1	0.0803854	0.0333475	0.0259282	-0.00134661	-0.00261663	0.0253	0.0169024	-0.037865	0.0914466	-0.0460747
HG00309	2	0.080297	0.0310296	0.00861775	-0.00587965	0.0147934	0.00476732	-0.00807918	-0.00409062	-0.00863971	-0.00821841
HG00310	1	0.0706168	0.00492115	-0.00501248	0.0199047	-0.00973327	-0.044215	-0.0314292	-0.0743167	-0.0686268	0.00038751
HG00311	1	0.0561464	0.00123094	0.0234899	0.0261659	0.017058	0.0551896	-0.0826345	-0.00367446	0.0246315	0.0330365
HG00313	2	0.0893861	0.0507319	0.000892459	0.00518823	-0.0156586	-0.00484536	0.00800398	0.0113544	-0.0371393	0.0357361
HG00315	2	0.0818218	0.0316957	-0.00835447	0.035486	-0.0201511	-0.017783	0.0117253	0.032017	0.0231303	-0.00975521
HG00318	2	0.0753601	0.015023	-0.00804594	-0.0119921	-0.0183708	0.0280587	-0.0060966	-0.00576787	-0.00592196	0.0175686
HG00319	2	0.0864194	0.0249153	0.000747799	0.0220953	0.0227448	-0.0331058	-0.00782572	-0.051551	0.0379811	0.00181387
HG00320	2	0.0727752	0.018179	0.0209642	-0.00261168	0.0330519	0.00336561	0.0036359	0.0881065	-0.0704634	0.0646462
HG00321	1	0.0844086	0.0451562	-0.00449666	-0.0163458	-0.0583587	-0.013029	0.0601894	-0.00152327	0.0392206	0.0771715
HG00323	2	0.0995459	0.0560588	-0.000183463	-0.0135594	0.00440425	0.00926023	-8.59642e-05	0.0346182	0.0289356	0.0447511
HG00324	2	0.10019	0.0562579	0.0221732	-0.00383365	-0.0131008	-0.00879836	0.0261115	-0.0453844	0.0415618	-0.0114193
HG00325	1	0.101073	0.0524968	-0.00603462	-0.00101167	-0.0347642	0.024842	-0.0603172	-0.0414991	0.0112644	-0.026448
HG00326	2	0.0831093	0.0259981	-0.00505741	-0.00164129	-0.0332098	-0.0197954	0.022141	0.0116633	-0.0274097	-0.0211304
HG00327	2	0.0860203	0.0288079	0.00959053	0.00595134	-0.00718993	-0.0362596	-0.0806248	-0.0397057	-0.0519266	-0.0830912
HG00328	2	0.0810322	0.0248574	0.0267345	-0.0304686	-0.00578117	-0.025747	-0.0191095	-0.0793695	0.0179099	-0.00875692
HG00329	1	0.0697524	0.023884	-5.33712e-05	0.0082927	0.0166391	-0.0100224	0.0208971	-0.0142141	0.00484619	-0.0111548
HG00330	2	0.0727686	0.013964	0.026201	-0.0211629	-0.00863437	-0.0025115	0.0157305	0.0144647	-0.0129663	0.00477053
HG00331	2	0.0708966	0.0234465	-0.0148216	0.0074625	0.0393482	0.0349707	-0.0153572	0.0476608	-0.0600217	0.00811949
HG00332	2	0.0698078	0.0218866	0.00921989	0.0274442	0.00744085	0.0055179	0.00600857	0.0521697	0.0393219	-0.0151471
HG00334	2	0.0714933	0.017523	-0.000261884	0.0123761	-0.0191304	-0.0359928	0.000484086	-0.0769664	0.0526717	0.0431365
HG00335	1	0.0796035	0.0235625	-0.0072256	-0.0331083	0.0263698	-0.0120902	-0.021834	0.0159381	0.000844237	-0.0142435
HG00336	1	0.0841938	0.0466704	0.0037093	0.0373954	0.0186251	0.0259854	-0.00192149	-0.00204474	0.00531291	-0.0350928
HG00337	2	0.0693232	0.0026895	-0.00124504	-0.0215454	-0.0177939	0.0221297	-0.0144607	-0.0010411	-0.0739743	0.0360901
HG00338	1	0.0851609	0.0221687	0.000129088	-0.0117903	-0.028596	-0.000684406	0.0328865	-0.0441819	0.010026	-0.0308749
HG00339	2	0.0765311	0.0266915	0.003415	0.00137676	-0.0239472	-0.00953031	0.0302451	0.055022	-0.014973	-0.0502891
HG00341	1	0.0496077	0.0368708	0.00433251	-0.0161646	0.0229948	-0.0269335	0.0160777	0.000593182	-0.068147	0.00372068
HG00342	1	0.0933614	0.0458615	0.0200582	-0.00113024	0.0131261	-0.0418078	0.016359	-0.0240659	-0.00245369	0.00731337
HG00343	2	0.085487	0.0372341	-0.00681249	0.011362	0.0153032	0.0253262	-0.0140794	-0.0100663	0.0370687	0.049362
HG00344	2	0.0447581	-0.00908755	-0.0191852	-0.0164668	-0.0125244	-0.00369021	0.0696647	0.0853609	-0.0852195	-0.00813501
HG00345	1	0.0824052	0.0347065	-0.00173612	0.00514705	0.00345475	0.012932	0.0384057	-0.0635853	0.0632765	0.0405625
HG00346	2	0.0735545	0.0242542	0.00271774	0.00694354	0.0480495	0.0693776	0.0125587	-0.00708131	-0.0343252	0.0338121
HG00349	2	0.0915058	0.0289903	0.0055165	-0.0497386	0.00137417	0.000770268	0.0178737	0.0449402	-0.0364926	-0.00494698
HG00350	2	0.0456035	-0.0153738	-0.0113311	-0.0146329	0.0261608	0.0276914	0.0333139	0.0460617	0.0018161	0.000749295
HG00351	1	0.0850577	0.0423011	0.00150934	0.000734414	0.00174835	-0.00842568	-0.00844441	-0.0846362	0.0139225	0.035513
HG00353	2	0.0836609	0.0270915	0.00593146	-0.0202496	0.0163686	-0.00910536	-0.00601227	0.0223959	-0.0463602	0.0308457
HG00355	2	0.0728756	0.0158979	-0.0109172	-0.00477988	-0.00475251	0.0118529	0.000293473	-0.0116286	-0.0106887	-0.0501397
HG00356	2	0.0788224	0.0278617	0.00865035	-0.0134238	0.0150283	0.00283819	-0.00100925	0.0151993	0.0185881	0.0418463
HG00357	2	0.0793804	0.0345875	0.011982	-0.00758681	-0.0364799	-0.0246341	0.00707097	0.0348289	-0.0307541	0.0342933
HG00358	1	0.110111	0.0692157	0.0272459	-0.015973	-0.042528	0.0209433	-0.0319935	0.015103	0.0529238	0.0157302
HG00360	1	0.0729397	0.0188354	0.00292908	0.00501495	0.00225826	0.00330312	0.0114162	0.0784908	-0.0411532	0.033497
HG00361	2	0.105489	0.0534326	0.0109246	0.00206892	-0.0364035	0.00198881	0.0738134	0.0170953	0.0400722	0.0650371
HG00362	2	0.0736075	0.00871006	0.00908837	0.0235849	0.010076	0.00122662	0.019904	0.0394156	-0.0489613	0.00346022
HG00364	2	0.0818016	0.0315018	0.0225637	0.00530719	-0.00811806	-0.0061472	-0.0156659	0.050275	0.0256307	-0.0278366
HG00365	2	0.0968149	0.0563417	-0.00969277	0.016725	-0.00375532	-0.0168108	0.0161361	-0.0426777	0.08228	0.00480557
HG00366	1	0.0811132	0.0319647	-0.00599511	0.000659787	0.0215839	-0.0226208	-0.0253917	-0.0370408	-0.0179808	0.0479418
HG00367	2	0.0737538	0.031491	-0.00719994	0.0124955	-0.0231442	-0.0208646	-0.00510471	0.0037955	0.0183752	0.088289
HG00368	2	0.10787	0.062606	0.0151774	-0.00598633	-0.0278557	0.011897	0.0272807	0.0707023	-0.0137841	0.0399746
HG00369	1	0.091147	0.0433525	0.0076565	-0.0160853	-0.010632	-0.0261737	-0.00323204	-0.0341712	0.000315483	0.00372939
HG00371	1	0.0803949	0.0331028	0.00343515	0.00217335	0.0312369	-0.0370177	0.0200209	0.00324031	0.00526181	-0.0293038
HG00372	1	0.0815792	0.027661	-0.00940878	-0.00370719	0.0281433	0.0150364	-0.0050408	0.0351284	0.0803083	-0.0123299
HG00373	2	0.0954059	0.0490689	0.00811074	-0.0171294	-0.0184809	-0.0106271	-0.0296951	0.0689262	0.00481005	0.0422653
HG00375	1	0.0886838	0.0372382	0.0235052	0.00451143	-0.0174342	0.0134659	0.0310812	-0.0183974	-0.00642488	-0.00484185
HG00376	2	0.0697263	0.0116286	0.0165479	0.00944147	0.0136354	0.0194019	-0.0275977	-0.00164767	-0.0545718	-0.0291181
HG00378	2	0.0847796	0.0339504	0.00401358	-0.00295997	-0.00600863	0.0118431	0.0178881	-0.000599275	0.0182131	0.0381206
HG00379	2	0.0803328	0.020763	-0.00643386	0.000392276	-0.0398674	0.00147181	0.0625548	0.0694307	0.0320162	-0.0285413
HG00380	2	0.0546902	-0.00729384	-0.0180829	0.0131539	0.0441771	-0.0262114	0.025891	0.00535696	-0.0146361	-0.0408729
HG00381	2	0.0839616	0.034039	0.0043369	0.0107973	-0.00895694	0.041064	0.0351598	0.025095	-0.00803435	-0.0499558
HG00382	1	0.0945294	0.0530378	0.00892203	0.00777717	-0.0109054	0.0184107	0.0259119	0.00823121	0.0596562	0.0111536
HG00383	2	0.0992887	0.0540622	0.00699796	-0.00242742	0.0219778	0.00627962	0.00411689	-0.0661409	0.0186903	-0.00571566
HG00384	2	0.0817479	0.0267003	-0.000160427	0.000893104	0.00602576	-0.0133452	-0.0486708	-0.00657825	0.038617	-0.0288849
HG01334	1	0.00031909	-0.0537371	-0.0213701	0.0170796	0.021411	-0.00384369	0.0424458	0.0315263	0.0100972	-0.083372
HG01500	1	-0.0333655	0.0282861	0.0790466	-0.00148443	0.0194179	-0.0127813	-0.0209446	-0.0379089	-0.0535514	0.00200688
HG01501	2	-0.0286586	0.0215292	0.0730327	-0.0101985	0.0154533	0.0050274	0.0206238	0.00121526	0.00580594	-0.0464678
HG01503	1	-0.0342077	0.014513	0.0818632	-0.00158412	0.0387062	-0.0175255	-0.0468604	-0.00431466	-0.00404142	0.0410032
HG01504	2	-0.0376622	0.0250487	0.0898372	0.00128994	-0.0293147	0.0552393	-0.0240632	-0.0207441	-0.0222658	0.0471979
HG01506	1	-0.0347972	0.00338504	0.0627057	-0.00236241	0.00911115	0.0376207	-0.0887732	-0.0559308	0.054074	-0.0109796
HG01507	2	-0.0339172	0.011787	0.0814038	-0.0177772	-0.00301473	0.0175022	0.00455957	0.0139162	0.0245188	0.0318769
HG01509	1	-0.0352315	0.0213152	0.0729603	0.00389357	-0.0148714	-0.0723062	0.00260974	-0.0610186	-0.0378454	-0.0229018
HG01510	2	-0.0335542	0.0119036	0.0648647	0.0196449	0.0104943	-0.000542566	0.0163891	-0.0846012	0.0544551	-0.0434586
HG01512	1	-0.0310663	0.00449843	0.106427	-0.00563315	-0.000270234	0.000664177	0.00523538	-0.0331634	0.0175278	-0.0231961
HG01513	2	-0.0320354	-0.000254143	0.0701255	-0.0114067	-0.0365435	-0.000508509	-0.0187145	-0.0444114	-0.000379234	0.0209575
HG01515	1	-0.0304907	-0.0068601	0.167235	0.00813193	-0.0100677	-0.0216693	-0.00707047	-0.000302482	0.0502931	-0.00161318
HG01516	2	-0.0312678	-0.0146781	0.152573	-0.0190846	-0.0160302	0.00606207	-0.0148234	-0.0145609	0.00779209	-0.0171898
HG01518	1	-0.0307001	0.00392517	0.122698	-0.00721642	0.00032866	-0.0298602	-0.0217283	0.0176761	0.0176212	-0.0357232
HG01519	2	-0.0306187	-0.00152073	0.137154	0.000971861	0.0235666	0.0075111	-0.0216292	-0.0670498	0.0517164	0.0318609
HG01521	1	-0.0315153	-0.00467434	0.185012	-0.00572701	0.00464743	-0.052275	-0.0168176	-0.00830136	0.0776511	0.0386737
HG01522	2	-0.029776	-0.00745008	0.177307	-0.0220825	-0.00120509	0.00130059	-0.00953714	-0.0221349	0.0745239	0.0192838
HG01524	1	-0.0353064	0.0216984	0.0572618	0.0180104	-0.0593201	0.0101667	0.0231042	0.0122665	-0.0390994	-0.029459
HG01525	2	-0.0363151	0.0202087	0.0499011	-0.0221761	0.0155612	-0.0475322	-0.0445523	-0.0776855	-0.051224	-0.0522072
HG01527	1	-0.0356736	0.0179645	0.0639856	0.0180935	0.0295855	0.00892642	0.0156422	-0.0721329	-0.00630081	-0.0393231
HG01528	2	-0.0340327	0.0123774	0.0553109	-0.0288657	0.0139493	-0.000933771	0.025229	0.0205761	0.00712138	-0.00298387
HG01530	1	-0.0349322	0.0219834	0.0769102	-0.00855239	0.0050995	-0.0147891	0.0220246	0.00521931	-0.0125809	0.0397566
HG01531	2	-0.034174	0.0141365	0.0526508	-0.0225281	0.0201054	0.0242175	0.0089824	-0.0600885	0.0744374	-0.0170633
HG01536	1	-0.0292595	0.000191358	0.060762	-0.0119472	0.000844224	-0.00943427	0.00823399	-0.0231226	-0.0474649	-9.87525e-05
HG01537	2	-0.0328022	0.00420624	0.0456515	0.0165597	-0.0179701	0.000386689	0.0285493	-0.0360266	0.0617833	0.0814883
HG01602	2	-0.0314898	0.0261238	0.0492873	-0.0149505	-0.020508	0.0010105	-0.0130199	0.0927464	-0.0515841	-0.0335142
HG01603	1	-0.0321208	0.00627574	0.051416	0.0433853	-0.0447105	-0.0499494	-0.0151591	0.0129649	-0.00730568	-0.032785
HG01605	2	-0.0326573	0.00490905	0.0728728	0.00635847	-0.0248475	-0.0430698	-0.000620093	0.0135567	0.0525307	0.0707796
HG01606	1	-0.029879	0.0045966	0.0640249	0.00850106	0.00105141	-0.00775673	0.0227876	0.0116971	-0.0456618	0.0034368
HG01607	2	-0.0339472	0.0118377	0.0590186	0.00591347	0.0320435	0.0090125	0.0187508	0.000542152	-0.0164897	-0.0330046
HG01608	1	-0.0339111	0.0123606	0.0813046	-0.00158642	-0.0125339	-0.0513555	-0.00693024	-0.105745	0.0368505	-0.0227681
HG01610	1	-0.0351238	0.0276723	0.0766772	0.00416702	-0.01379	-0.00975629	-0.0418407	-0.0176322	-0.062383	-0.01248
HG01612	2	-0.0317861	0.0187525	0.0649433	0.00575841	0.0280577	-0.043568	-0.00749965	0.0476868	0.0580473	-0.103857
HG01613	2	-0.0331757	0.018052	0.046833	-0.0104871	-0.0284366	0.037928	0.0434522	0.014751	-0.0109401	0.0520735
HG01615	1	-0.0312634	0.0155448	0.0380279	-0.00137811	-0.0428288	0.0197967	0.0114081	0.0114309	-0.0439535	0.101833
HG01617	1	-0.0359749	0.0285446	0.0790685	-0.0142018	-0.0129913	-0.0160729	0.0240639	0.00924604	0.0286779	-0.0104994
HG01618	2	-0.0330424	0.0143067	0.0752962	-0.00998371	-0.0207429	0.0171752	-0.00445024	0.0206379	-0.0311383	-0.0214401
HG01619	1	-0.0335918	0.0123511	0.077062	-0.00659654	0.00452326	0.00514846	0.0196626	0.0524302	0.0829005	0.0167468
HG01620	2	-0.0322951	0.0147291	0.0843975	-0.000645986	0.0121209	0.0216375	-0.0351819	0.0428807	-0.0174585	-0.00928232
HG01623	2	-0.0375077	0.0254036	0.0780796	-0.015383	-0.0109739	-0.0145091	0.0402164	-0.000711599	0.0456386	-0.0726663
HG01624	1	-0.0381322	0.0201102	0.0664841	0.00140564	0.0569281	0.0215772	-0.0415192	-0.0219179	-0.0452428	0.0135652
HG01625	1	-0.0305047	0.00541232	0.0363074	-0.0162541	-0.0426813	0.0387668	4.92636e-05	-0.00471083	-0.0603928	0.0337242
HG01626	2	-0.041246	0.0348835	0.000897383	-0.0181918	0.00976567	0.0399472	-0.0261157	-0.0807275	-0.0136726	-0.00542012
HG01628	2	-0.0428537	0.0538912	0.0647836	-0.0156182	-0.00985246	0.0136101	0.0147692	0.0121383	-0.0745955	-0.0589848
HG01630	1	-0.0443386	0.0310023	0.0577914	-0.00914198	-0.0240188	0.0141403	-0.00923304	-0.0390056	-0.136574	-0.00656786
HG01631	1	-0.0381306	0.0091086	0.0312103	-0.0193711	0.011073	-0.0176161	0.0656776	0.00894684	-0.0223798	-0.0358018
HG01632	2	-0.0318139	0.029355	0.0317993	-0.021521	-0.0264222	-0.0355742	0.0420744	0.0660246	-0.0042284	-0.0596996
HG01668	2	-0.0287168	0.0119183	0.0672801	-0.0161869	0.0032733	-0.0164317	-0.0559102	0.0222461	0.00515437	-0.0497489
HG01669	1	-0.0312013	0.0267857	0.076569	0.0113489	-0.0424194	-0.022176	0.0262535	0.0580302	-0.0778073	0.0313129
HG01670	2	-0.0319443	0.0155444	0.0460008	-0.0115767	-0.0294159	0.00322211	-0.0577813	-0.021358	-0.0580001	0.0591603
HG01672	1	-0.026564	0.00636493	0.0370584	0.00608042	-0.0210521	-0.0123534	0.00522451	-0.0115536	0.10752	0.0347645
HG01673	2	-0.0358331	0.00883583	0.0708037	-0.0140579	0.0120824	0.0373404	0.0311381	0.0383046	0.0227875	-0.0128803
HG01675	1	-0.0357906	0.0094905	0.102614	-0.00450442	-0.0155955	-0.0379044	-0.0369261	0.00396883	0.0251323	-0.00599935
HG01676	2	-0.0338319	0.00362481	0.0904093	0.0110492	-0.00744634	0.00729108	0.00809317	0.0450372	0.0029958	-0.0151616
HG01678	1	-0.0345566	0.0141731	0.0930994	0.00697538	-0.0150076	0.019044	0.0240033	0.045542	-0.0610608	0.00163812
HG01679	2	-0.0341257	0.00736563	0.0725379	0.0172203	0.0166742	0.0479425	0.0291959	0.0244717	0.0398252	0.0139567
HG01680	1	-0.029001	0.0164624	0.0844316	-0.00853226	0.0371461	-0.0141435	-0.00241316	0.0353113	-0.0249245	-0.024633
HG01682	1	-0.0354148	0.00540104	0.0773406	0.00436885	0.00660935	-0.0148016	-0.0305592	-0.0856293	-0.0123764	0.0180026
HG01684	2	-0.0300744	0.00997844	0.0901	-0.00293154	0.0242512	-0.0507292	0.0414941	-0.0158268	0.00934527	-0.010795
HG01685	2	-0.0300689	0.0257326	0.0396713	-0.00379185	0.0236413	0.00331571	0.00880403	0.0323652	-0.049541	-0.0643403
HG01686	1	-0.0289331	0.00261535	0.0497137	-0.0212728	0.0114991	-0.00268108	0.0117333	0.0249244	-0.0171149	-0.00671669
HG01694	1	-0.0376506	0.0358422	0.0511573	-0.00776787	-0.0152731	0.0292017	0.0150811	0.0928009	-0.0524959	-0.0019732
HG01695	2	-0.036619	0.0323612	0.073343	-0.00933078	-0.0116931	0.043941	-0.0385439	-0.00475766	-0.0835995	-0.00318857
HG01697	2	-0.0359724	0.0231811	0.070431	-0.00620631	-0.00782494	-0.0217732	-0.00567747	0.0348876	-0.0542093	-0.0546064
HG01699	1	-0.0392104	0.0170923	0.0837864	0.0207799	-0.00778275	-0.0127983	0.0194213	0.0643122	-0.00435578	0.0414666
HG01700	1	-0.0310162	0.00456527	0.182753	-0.0116961	-0.0176522	-0.0707665	0.0158222	-0.0351894	0.0193982	0.0428094
HG01702	2	-0.0332077	-0.0118869	0.178257	0.0110852	-0.0121841	-0.0376487	-0.0347998	0.00400988	0.0290188	-0.0370981
HG01704	2	-0.0339826	0.0216322	0.0390244	0.0248836	0.00895199	0.023544	0.0360985	0.0877189	0.00610961	-0.0185068
HG01705	1	-0.0341856	0.0181072	0.0440218	-0.00870424	0.00644329	-0.00281013	0.0284626	-0.0152964	-0.0792442	0.00860026
HG01707	2	-0.0316967	0.0169179	0.053277	0.000103805	0.0194927	0.0140578	-0.0138684	0.0807593	-0.00450133	-0.0070469
HG01708	1	-0.0290116	0.0113582	0.0512131	0.00131858	-0.00594027	-0.00513987	0.0230469	-0.00862382	-0.0474079	0.101771
HG01709	1	-0.034403	0.0186636	0.0414311	0.0132902	0.00932403	-0.0452397	0.0323568	0.0211372	-0.0186586	-0.0816144
HG01710	2	-0.0326716	0.0112196	0.0350598	-0.00453966	0.0160917	0.00908965	-0.0076443	0.0594201	-0.0388122	-0.0263457
HG01746	2	-0.0328163	0.00826143	0.087139	0.00427028	0.0126465	-0.00336676	-0.0513479	-0.0173549	-0.0212305	0.0593691
HG01747	1	-0.0373763	0.0124858	0.101069	0.0196352	0.0200413	0.00333733	0.0133971	-0.0310362	0.0144556	-0.010598
HG01756	1	-0.0347329	0.015698	0.0682145	-0.0156433	0.0284006	0.00781788	-0.00656631	-0.0920484	-0.0169673	-0.0884293
HG01757	2	-0.0368166	0.0276846	0.0547844	-0.0231827	0.00565964	0.0154508	-0.0388149	-0.0595111	-0.0376998	-0.0638814
HG01761	1	-0.0356245	0.0125197	0.0648689	-0.00541769	-0.00133114	0.00660401	0.0668353	0.0195651	-0.0283472	-0.00940324
HG01762	2	-0.0295349	0.00220653	0.0679544	-8.75197e-05	0.0085602	0.00493709	0.00442921	0.015373	-0.0470796	0.0681585
HG01765	1	-0.0335931	0.016386	0.0858368	-0.000272973	0.0104556	0.0110407	-0.0291523	0.00744337	0.0319157	0.0369527
HG01766	2	-0.0376514	0.0202818	0.082096	-0.00336774	-0.0121812	0.00347598	0.0571185	0.0475483	-0.00314695	0.00641515
HG01767	1	-0.0379946	0.0287244	0.0588172	-0.013562	0.00984161	-0.0067822	0.0226569	0.010573	-0.0119095	-0.0422516
HG01768	2	-0.036065	0.0115123	0.0627446	0.000162334	-0.015145	0.001428	0.0157955	0.0207893	0.000369864	0.0347466
HG01770	2	-0.0349831	0.00956906	0.0690105	-0.00320428	0.0268976	-0.0145224	-0.0276951	-0.0146651	0.00528132	0.00961396
HG01771	1	-0.0318087	0.0160692	0.0896801	-0.0130936	-0.00927009	-0.0255702	-0.00374736	0.0347444	0.0352584	0.0393237
HG01773	2	-0.034264	0.00678841	0.0752579	-0.0200903	-0.00753309	-0.0118808	-0.00323488	-0.0164499	-0.00239154	0.046525
HG01775	1	-0.0320161	-9.84459e-06	0.0626362	-0.0125193	-0.0309987	-0.0138525	0.00704478	0.0301456	0.0300823	-0.00249464
HG01776	2	-0.0306621	0.00354656	0.0827304	-0.020548	-0.0190988	0.0145708	0.0284533	-0.024096	0.0248116	-0.00902339
HG01777	1	-0.0319212	0.00429695	0.0737078	-0.0350984	-0.0364766	0.00824008	-0.014857	0.00142338	-0.0244007	-0.0245012
HG01779	2	-0.0310774	0.0027016	0.0714827	-0.00503414	-0.00957039	0.0276682	-0.0114825	-0.0552911	-0.0539404	0.0766257
HG01781	1	-0.0324143	0.0116697	0.0751162	0.00389533	-0.0220053	0.00813345	-0.0324117	-0.0144828	-0.0283992	0.0459761
HG01783	1	-0.0326668	0.0174208	0.0643767	-0.0312394	0.0141627	0.0039035	0.0611132	0.0014234	0.00881338	-0.0343707
HG01784	2	-0.0349912	0.0144683	0.0648133	-0.0248278	0.000733329	0.0177974	-0.0326702	0.035767	-0.0228355	-0.00439296
HG01785	1	-0.0251229	0.00869579	0.0353674	-0.0169727	-0.0397247	-0.0159354	0.0314555	-0.00957142	0.0393468	0.00160917
HG01786	2	-0.0312185	0.00259162	0.0575402	0.000278718	-0.027876	-0.0160641	-0.0343597	-0.0575817	-0.056319	-0.0159036
HG01789	1	-0.00134579	-0.0627745	0.0114984	0.0261599	-0.0227582	-0.0466459	-0.0134189	0.0412417	-0.0626737	-0.0491469
HG01790	2	-0.00312586	-0.0501115	-0.0181728	0.00432992	0.010623	0.00394234	0.0564364	0.0613258	0.0383099	-0.0242375
HG01791	1	-0.00305955	-0.0506512	-0.00340364	-0.00401233	-0.0159841	-0.00716708	0.00730512	-0.031577	0.0458298	0.0644763
HG02215	2	0.00135127	-0.0528549	-0.00368758	0.0279766	-0.00216618	-0.0288061	-0.0196761	0.0243114	0.00977941	0.0301368
HG02219	1	-0.03407	0.00558832	0.0371389	-0.00810939	0.0125959	-0.0518917	-0.0106355	-0.0607446	0.0430001	-0.0465972
HG02220	2	-0.0289114	0.0159087	0.0432636	0.01523	-2.32723e-05	0.0532082	0.00110853	0.00257789	0.0320645	0.00104363
HG02221	1	-0.0333065	0.0126578	0.0638101	-0.00424677	0.00393538	0.062003	0.00144319	-0.000359788	0.0449723	0.0388676
HG02223	2	-0.0304621	-0.00063797	0.0557622	-0.011703	0.00528539	0.0388594	0.026741	0.0182196	0.0648155	0.0370384
HG02224	1	-0.027198	0.00417088	0.0417045	0.000736839	0.0376886	-0.0173994	-0.0309309	0.0450475	0.0169623	0.0397569
HG02230	2	-0.0305913	-0.00302371	0.0316705	-0.00961719	0.0286485	-0.0352247	0.0495577	0.0266174	0.0292109	0.0176363
HG02231	1	-0.0286114	0.0103293	0.0151024	-0.021595	-0.00255687	0.0341851	-0.066786	-0.0140276	0.0198419	-0.00156977
HG02232	2	-0.03509	0.0226775	0.0713202	-0.0101786	-0.0425762	0.0279752	0.0482867	0.00809739	-0.0278443	0.0204457
HG02233	1	-0.0370159	0.026854	0.054047	-0.0334489	0.00881277	-0.00311148	-0.00845264	0.00845228	0.0337387	-0.0183725
HG02235	2	-0.0338593	0.019311	0.0681321	-0.0469557	-0.0426631	0.0300985	0.050704	0.0717583	0.0415452	-0.0127331
HG02236	1	-0.0307913	0.0146772	0.0493229	0.000423445	0.0210144	0.00412813	-0.00699519	-0.00967585	0.00987201	0.00346327
HG02238	1	-0.0348811	0.0145525	0.0846765	-0.0279346	0.00031199	0.0198632	0.0378001	0.0181724	-0.0548036	0.00470282
HG02239	2	-0.0347521	0.0318219	0.048507	-0.0153299	0.0157288	0.00493931	0.0379641	0.0187736	0.0245993	-0.0580304
NA06984	1	-0.00204976	-0.0492539	-0.0113355	0.0414528	-0.0205281	-0.0423061	-0.0124553	0.0363176	-0.0599842	-0.0522537
NA06985	2	-0.00287935	-0.0465897	-0.0274566	0.0243455	0.026582	0.0186995	0.01309	0.00931443	0.0422696	0.0199989
NA06986	1	0.000127354	-0.0613071	-0.0124138	0.0131258	-0.00487051	0.012337	0.0347178	-0.0187554	0.0464877	-0.0162951
NA06989	2	0.00161537	-0.0590914	-0.0153325	0.0360026	-0.0136176	-0.000905679	0.0475324	0.0372054	-0.0186827	0.0484758
NA06994	1	0.00291001	-0.0551652	-0.0212039	-0.00426791	0.0369259	0.00306078	-2.75586e-05	0.0166781	-0.000671651	0.00504068
NA07000	2	0.00567871	-0.0442906	-0.0118825	0.00649841	0.0162284	0.0216307	-0.0280259	0.0086977	-0.00437402	0.0387561
NA07037	2	-0.00339558	-0.0473301	-0.0205333	0.0390906	0.0129893	0.00728247	-0.0632771	-0.00766123	-0.00376659	0.0116016
NA07048	1	-0.000324475	-0.0587533	-0.00185603	0.0365137	-0.0151502	-0.015926	0.0433314	0.0274954	0.0230472	-0.022819
NA07051	1	0.00594613	-0.0596316	-0.0040875	0.0291107	-0.010155	0.0894815	-0.0134367	-0.0191445	-0.0508939	0.00389531
NA07056	2	0.00134392	-0.0526041	-0.00766612	0.00965119	-0.00830815	-0.0138686	0.0501277	0.0325927	-0.0778196	-0.0570703
NA07347	1	-0.00554821	-0.0385612	-0.0174543	0.00400462	0.036654	-0.0113326	0.0662908	0.0652473	0.0846001	-0.0549896
NA07357	1	-0.000960344	-0.0484186	-0.0163771	0.0280698	0.0276286	0.0257588	-0.0156885	-0.017405	0.0339137	0.0701482
NA10847	2	0.00470169	-0.0431345	-0.0101484	0.0068002	0.0308923	0.0331935	-0.0492942	0.0434444	0.0642391	-0.00805261
NA10851	1	0.00694086	-0.0575643	-0.0275432	0.0355053	-0.0109254	-0.00760299	0.0117847	-0.0238149	0.0310964	-0.0133442
NA11829	1	0.0123154	-0.0518109	-0.00531125	0.0073348	0.00991641	0.024637	0.0107954	-0.014027	-0.0380306	0.0175561
NA11830	2	0.00752874	-0.0457566	-0.0222203	0.00571451	0.00554291	0.0273237	0.0128262	-0.0552941	-0.065903	-0.0529932
NA11831	1	-0.00248167	-0.0453755	-3.71081e-05	0.0273984	0.0205041	0.0617008	0.0457544	-0.0178901	0.0132863	-0.0800486
NA11832	2	-0.00514005	-0.0294123	-0.0183995	0.0192125	0.0128835	-0.012742	-0.00369895	0.0165839	-0.0492429	-0.0312432
NA11840	2	0.0140202	-0.0363987	-0.00952171	0.00505453	0.0138095	-0.010865	0.0308404	0.0319217	-0.121881	-0.0179717
NA11843	1	0.00339763	-0.0433824	-0.0122669	0.00766093	0.0562263	0.0355688	0.0338394	0.0504547	-0.00417801	0.00925813
NA11881	1	0.00294402	-0.0402136	-0.0140756	0.0196698	0.0329249	0.0067651	0.0468466	0.0139341	0.00517708	-0.0100029
NA11892	2	0.000633634	-0.0407551	-0.0148482	0.0150256	0.0192333	0.00298877	-0.00540256	0.0474587	-0.0465462	0.00737797
NA11893	1	-0.00233089	-0.0480406	-0.0185647	0.0268398	9.10738e-05	-0.0443684	0.00335179	0.043443	-0.030408	0.0337386
NA11894	2	-0.000615096	-0.0555214	-0.0192043	0.0287408	0.000343815	0.00695045	-0.0552961	0.0573326	-0.122166	-0.02694
NA11918	2	-0.00179857	-0.0581432	-0.0175965	0.000233706	0.0422213	0.0110958	-0.00567478	0.00246106	-0.01645	-0.0554156
NA11919	1	-0.00267499	-0.049356	-0.00913656	0.0131104	0.0246386	0.00730927	0.0666148	-0.041305	0.0168803	0.0358211
NA11920	2	0.00237241	-0.0448558	-0.00845851	0.0141822	-0.00314336	0.0590014	0.0411253	-0.0265649	-0.0158262	0.00105116
NA11930	1	0.000513665	-0.0294558	-0.0496419	-0.00652543	0.0337457	0.0113168	0.00740483	0.0554795	-0.0262091	-0.0205949
NA11931	2	0.00133869	-0.0525526	-0.0139217	0.0394586	-0.00214857	0.0240627	0.0596339	0.0895293	0.262706	0.0626798
NA11932	1	-0.00518071	-0.0440983	-0.0237101	0.0352357	0.0551199	0.0346176	0.405618	-0.247532	-0.0907017	0.0876651
NA11933	2	-0.00510192	-0.0422062	-0.0156938	0.0274488	0.0380241	0.051765	0.028197	0.0590976	0.242011	0.128752
NA11992	1	-0.0044245	-0.0396419	-0.0054981	-0.00528393	0.0541011	0.0301519	0.0613099	-0.00378588	-0.0338015	-0.0461228
NA11994	1	0.000847782	-0.0552409	-0.0118611	0.025549	0.0171032	0.0150512	-0.0772028	-0.101756	0.0474661	0.0457176
NA11995	2	0.000576991	-0.0483615	-0.00814219	0.0555671	0.0378137	-0.0195028	-0.0405761	-0.01492	-0.00285614	0.0264392
NA12003	1	0.0170683	-0.0461081	-0.0157881	0.0401216	0.0214849	0.0102433	-0.00396074	-0.00150186	-0.00555001	-0.068284
NA12004	2	-0.00425721	-0.0386291	-0.0106801	0.0152169	0.00428851	0.0361986	0.0366687	-0.0249714	-0.0552059	0.0197019
NA12005	1	-0.000325098	-0.0539785	-0.0127336	0.0319493	0.0137771	-0.00301504	-0.00985619	0.0191467	0.0342364	-0.0204545
NA12006	2	0.00290501	-0.0476694	-0.021232	0.0480209	0.0357965	-0.0182851	-0.0373113	0.00220048	0.0659636	-0.061906
NA12043	1	-0.00194506	-0.0497687	-0.0227119	0.0231567	0.00430283	-0.0330743	0.00112072	-0.00253959	0.0058327	-0.0458572
NA12044	2	5.91203e-05	-0.049989	0.00332516	0.0271654	0.0323222	0.0326877	0.00863281	-0.0459431	3.00192e-05	0.00593838
NA12045	1	-0.00224917	-0.047776	-0.0177512	0.0172294	0.0257882	-0.00415618	-0.0124881	0.0154288	-0.0227346	0.0070013
NA12046	2	0.00657356	-0.0469175	0.000860447	0.0499855	0.0314955	0.0122621	-0.0293192	-0.000354384	0.00266047	-0.0027485
NA12058	2	0.00023626	-0.0525199	-0.010846	0.00718464	0.0100362	-0.0149143	0.0487391	0.0394726	0.0357126	-0.0300412
NA12144	1	-0.00758559	-0.0214981	-0.0253894	0.0016626	0.0325781	-0.00194047	-6.58199e-05	-0.0199768	0.00458099	-0.0409882
NA12154	1	0.00570221	-0.0511023	-0.0411779	0.0350499	0.0243068	0.0355319	0.0494313	-0.0310945	0.0456721	0.0425523
NA12155	1	7.52105e-05	-0.0576624	0.000773939	0.0437516	0.0631729	-0.0055764	0.0118335	0.00876656	0.00766313	0.0389676
NA12156	2	-0.00154188	-0.0632358	-0.00314192	-0.00582915	0.0477045	0.00555372	-0.0045453	-0.00335258	0.00462833	-0.0669779
NA12234	2	-0.00369541	-0.040722	-0.0128701	0.0212155	-0.0181056	0.0274511	0.00521819	0.0408428	-0.00311165	0.0201252
NA12249	2	0.0150026	-0.0512801	-0.024421	0.0489429	0.0172742	0.0409399	0.0231748	0.0406357	0.0244639	-0.0719492
NA12272	1	-0.00661262	-0.0456918	-0.0222464	0.0324187	0.026052	-0.00865146	-0.0203498	-0.0578745	-0.0082173	0.0229686
NA12273	2	-0.0056837	-0.0268386	-0.0206494	0.0120004	-0.0246291	0.0117425	-0.0244942	0.0208963	-0.0584769	-0.0443582
NA12275	2	0.00255716	-0.0386675	-0.00175276	-0.00787044	0.0014119	0.00648942	-0.000977982	0.0498949	0.0547542	0.0293746
NA12282	1	-0.00618732	-0.0287613	-0.0283087	0.0119813	0.0120444	0.0324146	0.0209264	0.0187332	-0.0704857	0.00110701
NA12283	2	-0.00546658	-0.0433684	-0.00367938	0.00984362	-0.0110208	0.0221711	-0.0390988	0.0340719	-0.0364522	0.0429498
NA12286	1	0.00427071	-0.0139957	-0.0315754	0.0138121	0.00873947	0.0159192	0.0124643	0.05421	-0.0563853	-0.0729138
NA12287	2	-0.00410312	-0.042328	-0.0139861	-0.0146902	-0.0101863	-0.00117813	0.0570933	0.0360393	-0.050375	-0.0514312
NA12340	1	-0.00179273	-0.0492924	-0.0344422	0.047317	0.0231276	0.0397836	-0.00613498	-0.00458752	-0.0185774	0.0159097
NA12341	2	0.0014534	-0.0453131	-0.0173847	0.0387777	-0.0051107	-0.0373538	-0.00485924	0.0369518	-0.0125269	-0.0120922
NA12342	1	0.000577219	-0.0599447	-0.0175718	0.0473401	0.0617689	0.0626246	0.0226852	0.0580953	0.0227555	-0.0699246
NA12347	1	0.00865807	-0.0532439	-0.0277792	0.0512588	0.0154388	0.0146346	0.0911083	-0.0165837	-0.025542	-0.111266
NA12348	2	0.00398264	-0.0498794	-0.0198785	0.0239134	-0.0179507	-0.0179755	-0.032564	0.0337773	0.0731481	0.063986
NA12383	2	-0.00680681	-0.0407582	-0.0281374	0.0365586	0.0621439	-0.00923901	0.398638	-0.267942	-0.0838051	0.0781264
NA12399	1	-0.00321411	-0.0584441	-0.00269801	0.0262847	0.0299067	0.0151181	0.0297881	-0.00269175	0.0114337	0.0158678
NA12400	2	-0.00446034	-0.0467848	-0.00371451	0.031949	-0.0157078	0.0206877	-0.0134968	-0.00531527	-0.0346069	-0.00559487
NA12413	1	-0.00828458	-0.020189	-0.0146723	0.028153	-0.00717059	-0.00441573	-0.00828288	0.0739188	-0.0111441	0.0354814
NA12414	2	0.00261852	-0.0557315	-0.00629178	0.0231331	0.0488943	9.399e-05	-0.0851773	-0.0951919	0.0183537	-0.0127796
NA12489	2	-0.000392408	-0.0565355	-0.0127952	0.0307638	0.0125265	-0.012194	0.0329937	-0.0651836	0.0512216	-0.0258608
NA12546	1	-0.00120904	-0.0381125	-0.0403006	0.0191121	0.00904831	0.0260082	-0.0258365	0.0319182	-0.0438945	0.00984357
NA12716	1	0.00372853	-0.0494522	-0.0253841	0.0503076	0.0131498	0.00368071	-0.0507805	0.0238669	-0.0179632	-0.00636085
NA12717	2	0.0015313	-0.0401736	0.00476634	0.00050922	0.0137681	0.0342418	0.105684	0.034291	-0.0101689	0.0495846
NA12718	2	-0.000755484	-0.0407368	-0.00872418	0.0159601	-0.0264019	0.0231605	-0.00257175	-0.022728	0.0604915	0.0105396
NA12748	1	0.00270017	-0.0500084	-0.0240865	0.0368435	-0.00060133	0.0402107	-0.0849714	-0.0450652	0.158209	-0.0186622
NA12749	2	-0.00305163	-0.0516005	-0.0120542	0.0479446	0.0394278	0.0291548	-0.0392809	-0.0969453	0.0274092	0.0178992
NA12750	1	-0.00302935	-0.0366241	-0.0266702	0.0611034	0.02561	-0.00608881	-0.0182225	-0.029272	-0.0249478	-0.00391374
NA12751	2	0.00419065	-0.0581027	-0.0278837	0.0356222	0.0220875	0.0271084	0.0879624	0.0541701	0.00457696	-0.0414919
NA12760	1	-0.00224359	-0.0433107	-0.0338027	0.0377945	0.0655545	0.102227	-0.0999236	-0.104947	-0.0813367	0.145684
NA12761	2	0.000689363	-0.0509838	-0.00711173	0.0397085	0.023932	0.0163678	-0.0423408	-0.0340683	0.0362187	0.010933
NA12762	1	0.00105372	-0.0501499	-0.0275181	0.0318096	0.00977093	0.0260449	0.0578106	-0.0320117	-0.0104932	0.0110533
NA12763	2	-0.00135468	-0.0362338	-0.0182018	0.0153489	0.0418715	0.0167299	0.0166914	-0.0157844	0.00654184	0.00905432
NA12775	1	0.00161756	-0.0508622	-0.0167723	0.0166033	0.00917643	0.03585	-0.047355	-0.0170066	-0.00401518	-0.0306641
NA12776	2	0.00909154	-0.055491	-0.00635734	0.0200377	0.0150256	0.0248172	0.00979858	0.0154197	-0.0240726	-0.038395
NA12777	1	-0.00133009	-0.0582777	-0.0205534	0.0207818	0.0273725	-0.032322	-0.0438197	-0.0359408	-0.0416504	0.0560305
NA12778	2	0.00175334	-0.0523498	-0.0131165	0.0248965	0.0205269	0.035701	0.0191006	-0.0320195	0.0219995	-0.0319118
NA12812	1	0.000503389	-0.0481061	-0.0110596	0.0389752	0.00397298	0.0189175	0.00249266	-0.0183281	-0.0256635	-0.0413272
NA12813	2	-0.00431233	-0.0511618	-0.016868	0.0198037	0.0148319	0.00213182	0.00385211	-0.00545465	-0.0233558	-0.00641204
NA12814	1	0.00327325	-0.0484672	-0.0252307	0.0190842	0.0331127	0.00745875	-0.00976869	-8.28649e-05	0.0487472	-0.0625005
NA12815	2	0.00730022	-0.0543332	-0.0176135	0.0529496	0.0143113	0.0115174	0.0225981	-0.0385544	0.042719	-0.00778725
NA12827	1	0.000507243	-0.0586418	0.00087712	0.0127656	0.0329223	0.00173584	-0.057742	0.00939926	-0.0517132	-0.037467
NA12828	2	-0.00175357	-0.043085	-0.0120144	0.0205495	0.0115887	0.00750512	-0.0127527	2.05731e-05	0.0394243	-0.0344023
NA12829	1	-0.00319008	-0.0414465	-0.0157583	0.00545507	0.0405481	0.0127213	0.0276173	-0.0597119	0.0171447	-0.00641447
NA12830	2	-0.00256244	-0.0404675	-0.01429	0.0379034	0.0529955	0.0711395	-0.0702366	-0.0779181	-0.0933659	0.16724
NA12842	1	-0.000352597	-0.0500274	-0.0270755	0.037811	-0.00964325	0.0481257	-0.00762875	-0.0331834	0.0384898	0.0125074
NA12843	2	0.00811569	-0.0523529	-0.0185642	0.0345557	-0.00789169	0.0231813	-0.0457621	0.0133299	-0.0415265	0.0196404
NA12872	1	0.000766408	-0.0482905	-0.00536509	0.0257179	-0.00251806	0.0152216	-0.0588593	-0.0947528	-0.0212039	0.010016
NA12873	2	0.00298449	-0.0426257	0.00518933	0.0257988	0.0204499	0.0277224	0.0355635	0.00458083	-0.0330104	-0.0586125
NA12874	1	-0.00405396	-0.0531843	-0.0088618	0.0291654	-0.0179993	0.00987128	0.00335077	-0.0278033	-0.0281775	0.0419627
NA12878	2	0.00535514	-0.0561795	-0.00803187	0.0271761	0.0175171	-0.00306248	-0.0310882	-0.00712959	-0.015471	-0.0138465
NA12889	1	-0.00628524	-0.0223267	-0.0203439	0.0796021	0.0152304	0.0304723	0.00611895	-0.0193167	0.00747979	0.0575254
NA12890	2	0.00366041	-0.0566785	-0.0147354	0.0346727	0.0273611	-0.00661046	0.1431	-0.0542571	-0.0210505	-0.0447335
NA20502	2	-0.0453857	0.0539502	-0.0523338	-0.0175432	0.00405923	0.000170846	0.0229814	-0.0114981	0.11632	-0.0360822
NA20503	2	-0.0398636	0.0492529	-0.057984	-0.0042812	-0.0268233	-0.0125818	-0.0224462	-0.0100768	-0.0399839	0.0322547
NA20504	2	-0.0395705	0.0462813	-0.036335	-0.011792	-0.0190639	-0.0271084	-0.0276661	-0.0226152	-0.055043	-0.020515
NA20505	2	-0.0426547	0.0517057	-0.0605547	-0.0195627	-0.0095438	-0.00449032	0.0346926	0.0847659	0.000974901	0.0273563
NA20506	2	-0.0428791	0.0522738	-0.0722744	-0.00780373	-0.0366129	-0.0141094	0.0189746	0.0414282	-0.0176874	0.00327092
NA20507	2	-0.0412584	0.0489483	-0.0394868	-0.0149899	-0.00319304	-0.000546675	0.00822344	-0.0394391	-0.0370362	0.0146109
NA20508	2	-0.0443664	0.0509865	-0.0491735	-0.0277571	0.0137558	0.0410751	0.00663227	0.0103995	0.0630142	-0.0204817
NA20509	1	-0.0462127	0.0451919	-0.0363961	-0.00327212	0.000672359	0.00421761	-0.0559031	-0.075472	0.0590347	-0.0242406
NA20510	1	-0.0411542	0.049243	-0.0660948	0.00859347	0.00871317	-0.00647521	-0.0163227	-0.0691251	0.0389539	0.0296808
NA20511	1	-0.0424959	0.0424502	-0.0402979	-0.0422868	-0.016658	0.00208239	0.00967004	-0.0475349	0.0519526	0.0577642
NA20512	1	-0.0437815	0.0572295	-0.053128	0.0109525	-0.0225558	-0.00905388	-0.00294737	0.0139966	-0.0359847	0.00600446
NA20513	1	-0.04681	0.0500313	-0.0637192	0.0178707	-0.0156156	-0.0136412	0.0125342	-0.00734431	-0.00557346	-0.0160751
NA20514	2	-0.0454412	0.0561558	-0.0584925	0.0111356	0.00709992	0.0161409	0.0193289	-0.0146587	-0.0258675	0.0217495
NA20515	1	-0.0401588	0.0439753	-0.0547955	0.0345044	-0.00776885	0.00654017	0.0160691	0.0144878	0.00898263	0.0384818
NA20516	1	-0.0432333	0.0534643	-0.0527514	-0.00577583	0.0253174	-0.0279756	0.0371329	-5.86782e-05	-0.015498	-0.00448494
NA20517	2	-0.0426173	0.0549774	-0.0633016	-0.0214592	-0.00949193	-0.0428144	0.040153	0.0429342	0.00938513	0.0572717
NA20518	1	-0.0430762	0.056829	-0.0631593	-0.00399045	0.00738178	-0.0235115	-0.0689117	0.0441967	0.0672788	-0.04667
NA20519	1	-0.0464546	0.0411642	-0.0276168	-0.00291487	0.018538	-0.0132251	-0.0367346	0.0681371	-0.0645584	0.0798775
NA20520	1	-0.0393091	0.0540432	-0.0596239	-0.0151206	-0.021299	-0.0509337	-0.058662	-0.014581	-0.0482885	-0.0257606
NA20521	1	-0.0488505	0.0542111	-0.064622	-0.0189638	0.0176648	-0.0104329	-0.032786	-0.0262629	0.0173281	-0.0410994
NA20522	2	-0.0435729	0.0469602	-0.0306293	-0.00525668	-0.0123233	-0.00801199	0.000989074	0.0283192	-0.0535093	0.0645153
NA20524	1	-0.0365596	0.0388441	-0.0178957	0.0219865	0.024183	-0.0113067	0.0258561	0.0420404	0.0821362	0.0056253
NA20525	1	-0.0418862	0.051055	-0.0559738	-0.00879983	0.0377497	0.0149294	0.0181186	0.0207047	-0.034758	-0.0311563
NA20527	1	-0.0401973	0.0391246	-0.0140306	0.00845975	-0.0347207	0.00960125	0.0160886	0.0454157	0.0277742	-0.00498856
NA20528	1	-0.0413936	0.0523623	-0.0479162	0.00310203	-0.0114197	-0.0120574	0.0520081	0.0202254	0.0544175	-0.0206694
NA20529	2	-0.0469093	0.0542686	-0.0673211	-0.00799879	-0.0082853	0.00173696	0.0336297	0.0270777	-0.0361879	0.0437375
NA20530	2	-0.0397779	0.0405301	-0.0410634	-0.0200384	-0.0135656	0.027695	0.0252524	-0.0469572	-0.0182166	-0.051847
NA20531	2	-0.0485215	0.063589	-0.0585712	0.00321788	0.0366015	0.0470658	0.105121	0.00884189	0.0674268	0.0529034
NA20532	1	-0.0433095	0.0534578	-0.0582896	-0.0116035	0.00829381	-0.0364199	-0.0155204	-0.0157494	-0.00866232	-0.00155091
NA20533	2	-0.0474238	0.0506429	-0.0621369	-0.0054518	-0.0186444	0.0207342	-0.0544518	0.0255493	0.0334659	-0.0396915
NA20534	1	-0.044666	0.047231	-0.0408416	0.00560942	0.00851592	-0.0331453	-0.0150789	0.00959942	-0.0110886	0.0401082
NA20535	2	-0.0415442	0.0362217	-0.00851247	0.0034882	0.0330007	-0.00581904	-0.00586911	-0.0777478	0.0228069	0.000333564
NA20536	1	-0.0430797	0.0524785	-0.0572377	-0.0155006	0.030821	0.016981	-0.0108508	-0.0361852	0.0111257	-0.00779339
NA20538	1	-0.0472458	0.0588207	-0.0563152	0.0178697	-0.0219364	-0.0226186	-0.0296699	-0.0145135	0.0339252	-0.00928499
NA20539	1	-0.0456888	0.0520332	-0.0751857	0.00283066	0.00160544	-0.0110383	-0.0705342	0.0111621	0.0555727	-0.0176309
NA20540	2	-0.0401783	0.037754	-0.0454787	-0.00105303	-0.0213498	0.0187637	0.0070601	0.106351	-0.0107524	0.0508075
NA20541	2	-0.0450887	0.0535669	-0.0660035	-0.0135862	0.0347221	0.0118436	-0.0621615	0.0138128	0.0412918	0.0110026
NA20542	2	-0.0416671	0.039751	-0.0334067	-0.00876458	0.00881262	-0.0213792	0.0563876	0.0524168	-0.0505346	-0.0927206
NA20543	1	-0.0420608	0.0425328	-0.0468441	0.00679291	-0.030854	-0.00250694	-0.0468326	0.0275001	0.0245679	-0.010775
NA20544	1	-0.0433896	0.0461707	-0.0492877	0.0105806	0.00205818	0.032194	0.00158946	-0.0101169	-0.0245778	-0.0750893
NA20581	1	-0.0397013	0.0503272	-0.032822	0.0113461	0.0511177	-0.0224932	-0.0437523	-0.00633522	0.0399695	0.0629585
NA20582	2	-0.0412858	0.0434538	-0.0412061	-0.00803895	-0.00455263	-0.0689201	-0.0324326	-0.0544447	-0.0184905	0.0231111
NA20585	2	-0.0433419	0.054673	-0.051805	-0.0222614	-0.0131743	0.00299361	-0.00537845	-0.0549896	-0.108522	-0.0451678
NA20586	1	-0.0460418	0.056629	-0.0435471	-0.0193011	0.00133313	0.0217538	-0.0196853	0.0377439	-0.0050832	0.0455444
NA20587	2	-0.0396443	0.0329952	-0.0476258	0.0164225	-0.0426314	-0.0214693	-0.0367616	-0.0372489	-0.0279012	-0.0213085
NA20588	1	-0.0431696	0.0480696	-0.0534147	0.00181164	0.00868346	-0.00653281	0.061361	0.0112822	0.0375932	0.0573476
NA20589	2	-0.0458992	0.0528129	-0.0396283	-0.016916	0.0133287	-0.0133332	0.0490219	0.0659833	-0.0278654	0.000582415
NA20752	1	-0.0475536	0.056262	-0.0452756	0.0022621	0.00617219	0.0293892	0.0470177	0.0552973	0.0405249	0.0417487
NA20753	2	-0.0432929	0.058475	-0.040139	-0.037946	-0.00836192	-0.00456301	0.0231214	0.0674208	0.0194105	0.0453758
NA20754	1	-0.0430639	0.0557647	-0.0626726	-0.0152948	0.0120109	-0.0488573	-0.0225068	0.00841589	-0.00880505	0.0167622
NA20755	1	-0.0443091	0.0487291	-0.0409393	-0.00900781	0.00814408	-0.00938467	-0.00628987	-0.015515	0.00568045	-0.00270378
NA20756	2	-0.0374813	0.049717	-0.0477006	-0.01045	0.0287878	0.00663627	-0.0073586	-0.030054	0.0106609	-0.0522047
NA20757	2	-0.0414506	0.0526594	-0.0219322	0.00973281	-0.00160409	0.00267588	-0.0356662	-0.0180033	-0.0177744	0.0632245
NA20758	1	-0.0383114	0.0505829	-0.0493409	-0.0167295	-0.0191354	-0.0103806	0.0219911	-0.000303377	-0.0274957	0.021022
NA20759	1	-0.0399196	0.0378529	-0.0355732	-0.00725114	0.0284412	-0.0217644	-0.0359441	-0.0106592	0.0227594	0.0774116
NA20760	2	-0.0379345	0.0390309	-0.0582529	-0.010611	-0.0176089	0.010396	0.0438713	0.0278391	0.0167927	-0.0492918
NA20761	2	-0.0401634	0.046949	-0.0419083	0.00245607	0.0158913	0.00872857	0.0307139	0.00350683	0.0302973	0.0307745
NA20762	1	-0.0436544	0.0501098	-0.0433406	-0.00605975	-0.0259372	0.0427994	-0.0228445	0.0628717	-0.000136183	0.046899
NA20763	1	-0.0415975	0.0502189	-0.0470862	-0.0249252	-0.0196052	-0.0363337	0.00445281	-0.0250324	-0.0173707	-0.0321711
NA20764	2	-0.0417852	0.0612974	-0.0370703	-0.0191042	0.0144012	-0.000292078	0.043675	0.0714269	0.0288482	-0.0280298
NA20765	1	-0.0442555	0.0605177	-0.0239596	0.018793	-0.000954442	0.0193484	-0.0530614	-0.0607128	-0.0337314	0.0410092
NA20766	2	-0.0407181	0.0400913	-0.0495554	0.00888	0.00184012	0.0345275	-0.0430594	-0.00696991	-0.0433878	-0.0286213
NA20767	1	-0.0384477	0.0447797	-0.0485928	-0.00708626	0.012759	0.0300893	0.0379575	-0.00111584	0.0323889	0.0129683
NA20768	2	-0.0425985	0.0499566	-0.0686135	-0.0104536	0.0327397	-0.0129192	-0.0696473	-0.0384933	-0.0160777	-0.00210116
NA20769	2	-0.0415063	0.0518375	-0.0502781	0.017547	-0.00405729	-0.0187205	0.00064347	-0.047724	-0.0487676	0.0358027
NA20770	1	-0.0455399	0.050472	-0.0816888	0.0139647	0.0211367	-0.00364688	0.0889672	0.00657917	0.0914855	0.0237157
NA20771	2	-0.0436458	0.0542765	-0.0375217	-0.00221615	0.0183945	-0.0197801	-0.0199392	-0.0579982	-0.0343795	0.0241811
NA20772	2	-0.0453329	0.0518308	-0.0587122	-0.00211874	-0.00473933	-0.0209271	0.0141095	0.0466053	0.0262425	-7.86481e-05
NA20773	2	-0.0400828	0.0397257	-0.0616981	-0.0212947	-0.0102456	0.0343741	-0.0268909	-0.0417826	0.025768	-0.035035
NA20774	2	-0.0456715	0.0540143	-0.029931	0.0205603	-0.0139136	-0.0481518	-0.0251766	-0.0917791	0.0477431	-0.0522017
NA20775	2	-0.0387871	0.05789	-0.0514237	-0.00185269	-0.0040218	0.0220867	-0.00743048	-0.00312076	-0.0845666	0.0458368
NA20778	1	-0.0417791	0.0489037	-0.0173481	-0.00233248	-0.0285607	0.010414	-0.020739	0.00996971	-0.0225624	0.0877518
NA20783	1	-0.0439673	0.0497461	-0.0601138	-0.00704117	-0.0176311	0.0111248	-0.00436905	0.110166	-0.0050605	0.0306285
NA20785	1	-0.0396169	0.0437404	-0.0459076	-0.0174142	-0.00911617	0.025018	-0.0103271	0.0058551	-0.0379197	-0.000319296
NA20786	2	-0.0454806	0.0549676	-0.056841	-0.0315836	-0.0421654	-0.0531103	0.00560581	-0.0939785	0.123717	-0.197155
NA20787	1	-0.0470978	0.0671391	-0.0459277	0.0138378	0.000293811	-0.000308069	-0.0745	0.0546013	-0.0216129	0.0315269
NA20790	2	-0.0431457	0.0593469	-0.0676975	0.00969144	0.0039184	0.0300951	-0.0031555	0.0705747	0.0200923	-0.0161511
NA20792	1	-0.0419557	0.0441617	-0.032932	0.00573035	0.0121851	0.0459048	-0.0676877	0.0251198	0.0286337	-0.0120249
NA20795	2	-0.0451508	0.0641635	-0.0641726	0.00925863	-0.0492132	-0.00342564	-0.0288791	0.00281106	-0.0469384	-0.0769283
NA20796	1	-0.0422399	0.0585666	-0.084221	-0.0263121	-0.0239572	0.0225039	0.0742099	0.0223658	0.00947228	0.0312523
NA20797	2	-0.0388438	0.0462735	-0.0420357	-0.00539967	-0.0130793	-0.00049182	0.0194029	0.0246112	-0.0232401	0.0113513
NA20798	1	-0.0440706	0.0560715	-0.0447012	0.00477152	-0.0035737	0.0294341	-0.0184786	0.0437615	0.00859941	0.0378495
NA20799	2	-0.0472866	0.0473542	-0.0183249	0.010524	0.0140847	0.0447461	-0.0425057	-0.0581557	0.0173328	-0.0152803
NA20800	2	-0.0435102	0.0451878	-0.0337385	0.00180561	-0.000827805	0.0114447	-0.00647334	-0.0687848	0.0387253	0.0237354
NA20801	1	-0.0403918	0.0579811	-0.0501953	0.000757732	-0.0311284	0.0145246	-0.00436291	-0.0646154	-0.00706597	0.041091
NA20802	2	-0.0451392	0.0570337	-0.0355789	-0.0056114	0.00518082	0.0119239	-0.0199285	-0.0074799	-0.0446154	-0.0569899
NA20803	1	-0.0418796	0.0443821	-0.0516966	0.00888291	0.0222292	-0.00371862	-0.0285693	-0.0124218	-0.033775	0.0325719
NA20804	2	-0.0423792	0.0434108	-0.0413435	0.000467792	0.00794345	-0.0110116	0.0420999	0.0512282	-0.0016236	-0.0368689
NA20805	1	-0.041981	0.0553386	-0.0350732	-0.000345588	0.00873528	-0.00175694	-0.0320096	0.000349339	0.107097	0.0557588
NA20806	1	-0.0442884	0.0545211	-0.0434333	0.0159065	0.00973007	0.0015305	0.0324637	0.0184368	0.0312283	-0.0245195
NA20807	2	-0.0397432	0.0456279	-0.0294844	0.0138291	-0.00923416	-0.00920413	-0.020864	-0.0208881	-0.0267614	0.0244622
NA20808	2	-0.0435041	0.0532288	-0.0504465	0.0221243	0.0173702	-0.0232976	-0.0269186	-0.0207176	0.0354339	0.0477751
NA20809	1	-0.0445858	0.0422006	-0.0500218	-0.0217531	0.00147302	-0.0145585	-0.0405796	0.000544106	-0.0432317	0.0766867
NA20810	1	-0.0460095	0.0544123	-0.0430219	0.0060532	-0.0252419	-0.0150007	0.0119658	0.0136972	0.00633197	0.0382708
NA20811	1	-0.04196	0.0451195	-0.03952	-0.0343069	0.00258528	-0.061343	0.0412145	-0.0841411	0.0892727	-0.223172
NA20812	1	-0.0422276	0.0421343	-0.0301365	0.0209646	0.00244895	0.000259207	0.043756	0.0116485	0.0436638	0.0241056
NA20813	2	-0.0412797	0.0506843	-0.0688304	0.00494822	-0.0345885	-0.00202947	-0.00277993	-0.0495438	-0.0152927	-0.0578306
NA20814	1	-0.0418409	0.0560581	-0.0269981	-0.0144292	0.0174225	-0.0299114	0.00183252	-0.0215931	-0.00813308	-0.0827323
NA20815	1	-0.0425708	0.0464195	-0.0388179	-0.00828919	0.0321455	0.0914704	0.00940949	-0.0163694	-0.0100558	0.0948875
NA20818	2	-0.0413826	0.0359692	-0.0598108	0.0177722	0.00943494	-0.0246412	0.00155339	0.00941482	-0.0653188	-0.0122322
NA20819	2	-0.0362488	0.0536215	-0.0491274	0.0142318	-0.0236702	-0.019572	-0.0447671	-0.0858682	0.00644939	-0.015149
NA20821	2	-0.0411041	0.0449696	-0.0374784	0.00555242	0.00900157	-0.0297531	0.029464	-0.0734319	0.00219549	0.0286543
NA20822	2	-0.0430353	0.0477583	-0.0479226	0.00412661	0.0144131	-0.0266896	0.00738387	-0.0176703	0.00425893	-0.0459823
NA20826	2	-0.042162	0.0546592	-0.0598111	-0.00374345	-0.0106721	-0.0332827	-0.0062092	-0.0173321	0.0510297	-0.0363521
NA20827	1	-0.0408446	0.0523391	-0.0590445	-0.0145565	-0.0138998	-0.0354329	0.0279364	-0.00741997	-0.005148	-0.015617
NA20828	2	-0.0458742	0.0486514	-0.0457446	0.00135217	-0.0404236	-0.031404	0.00330533	0.00646338	-0.0234693	-0.0315309
NA20832	2	-0.0427486	0.0498252	-0.0532657	0.00556428	-0.00503275	0.0378356	0.00989395	0.0450788	0.00348649	-0.0316172
