IID	Sex	PC1	PC2	PC3	PC4	PC5	PC6	PC7	PC8	PC9	PC10
HG01583	1	-0.0446152	0.0499674	-0.00850654	0.010814	0.0314246	-0.00185234	0.0103468	-0.00227925	-0.00970835	-0.0118625
HG01586	1	-0.0487441	0.0531086	-0.0243928	-0.00284674	0.0339088	0.0113791	0.00342446	-0.0110698	-0.00100224	-0.00374129
HG01589	1	-0.057745	0.0565835	-0.0111911	0.000757555	0.0352221	0.0101882	-0.00392239	-0.00689763	-0.000510977	-0.0184469
HG01593	2	-0.0760962	0.0779049	-0.0317282	0.00522296	0.0464497	0.0138084	-0.0092713	0.0135248	0.0261743	-0.0344279
HG02490	1	-0.0560678	0.0648043	-0.0279857	0.00956294	0.0373247	0.00195775	-2.68597e-05	-0.0123957	-0.018152	-0.00381466
HG02491	2	-0.0320983	0.0625539	0.0342885	0.0432962	0.0204027	0.0144963	-0.00210584	0.0114705	-0.00449678	0.01533
HG02493	1	-0.0550108	0.0641103	-0.0253214	0.00980015	0.0452727	0.016176	-0.0167881	0.011197	0.0205884	-0.0339842
HG02494	2	-0.0627038	0.0689224	-0.0222765	0.0125113	0.0445394	0.00705627	-0.00314927	-0.00823468	-0.0193718	-0.0272641
HG02597	1	-0.0710827	0.076717	-0.0268714	0.0042859	0.0442739	0.0105973	-0.0099585	0.00983651	0.0273287	-0.0148636
HG02600	1	-0.0107523	0.0229797	-0.0019983	0.00212509	0.0180929	-0.00441153	0.0148314	-0.00602759	-0.0198725	-0.016709
HG02601	2	-0.0189485	0.0258895	-0.00736539	-0.0036105	0.0207478	-0.00377428	0.00181504	-0.00465183	-0.0117434	-0.00697256
HG02603	1	-0.0521056	0.0533259	-0.00991511	0.0147172	0.0378962	-0.00280645	0.0037486	-0.00696383	0.0114507	-0.00955836
HG02604	2	-0.0693804	0.080179	-0.0325259	0.0126408	0.0383568	0.00481761	-0.00124246	0.00219287	-0.0205811	-0.0271203
HG02648	1	-0.0822777	0.0842017	-0.0356786	0.0153832	0.0656355	0.0153375	-0.00691873	-0.013373	-0.0123533	-0.0189369
HG02649	2	-0.0853428	0.0874387	-0.0311392	0.00843483	0.0709468	0.00771008	-0.00764395	-0.0108831	-0.0216283	-0.0444369
HG02651	1	-0.041661	0.0573754	-0.0152617	0.0136332	0.0301635	0.00676191	0.0127671	-0.00550264	-0.00771698	-0.00449811
HG02652	2	-0.0448248	0.0548228	-0.0178585	0.00997019	0.0322957	0.00992672	0.0118659	-0.0116666	-0.0107309	0.00299408
HG02654	1	-0.074687	0.0817062	-0.0280453	0.0148889	0.0505657	0.00242384	-0.0021466	0.00747355	-0.00685071	0.0284444
HG02655	2	-0.0823662	0.0867361	-0.0331054	0.00447913	0.05278	0.0142099	0.00982154	0.00105921	-0.00708148	0.0199182
HG02657	1	-0.035854	0.0369276	-0.0167319	0.00451434	0.0337083	-0.00449163	0.00451937	-0.0221569	-0.0144539	0.229995
HG02658	2	-0.0430114	0.0484057	-0.0210446	0.00416408	0.0476639	-0.0145418	0.00794184	-0.0406573	-0.011778	0.345249
HG02660	1	-0.0465687	0.0583396	-0.00908681	0.0150905	0.0354969	0.00266378	0.00457895	-0.00884451	-0.0105485	0.00226217
HG02661	2	-0.0368492	0.0484851	-0.00928766	0.00877684	0.0391335	-0.00733209	0.00488119	-0.0084165	-0.00309862	0.00997603
HG02681	1	-0.0631872	0.0824122	-0.0271829	0.0182849	0.0589844	0.0147818	-0.00591023	-0.00828988	-0.0361809	-0.0022663
HG02682	2	-0.0693257	0.0798797	-0.0370118	0.0105139	0.0641751	0.0147807	0.00194685	-0.014131	-0.0299001	-0.00513099
HG02684	1	0.00732473	0.0496874	0.0951076	0.0804336	-0.00386103	0.0323062	-0.0224136	0.00883929	0.0144244	0.0399205
HG02685	2	0.0126372	0.0493788	0.0935735	0.0742621	-0.0168453	0.0238991	-0.0349771	0.0146079	0.0137097	0.0172194
HG02687	1	0.0324513	0.0437837	0.132098	0.0933591	-0.0247036	0.033687	-0.0481895	0.0303046	0.0310194	0.0249728
HG02688	2	0.022445	0.0394638	0.116436	0.0707581	-0.0156217	0.0418976	-0.0205037	0.0206093	0.0139922	-0.00561527
HG02690	1	-0.0805313	0.105225	-0.0576866	0.0133679	0.0927084	0.00324073	-0.0219258	0.00492735	0.0183954	0.269623
HG02691	2	-0.0798014	0.0999319	-0.051003	0.0154662	0.087581	0.0118504	-0.0217327	0.00441133	0.00857169	0.221996
HG02694	2	-0.0876276	0.0961791	-0.0455492	0.0116738	0.0806694	0.0178969	-0.0155248	0.0160241	0.0176598	0.129382
HG02696	1	-0.0323983	0.0314129	-0.00859643	0.000675654	0.0178937	-0.00435691	0.0138742	-0.00657464	-0.022812	-0.0149293
HG02697	2	-0.0573206	0.062224	-0.0204999	0.0124653	0.0419979	0.00687422	0.00326783	-0.0175294	-0.0137817	-0.0101399
HG02699	1	-0.0706392	0.0820589	-0.0249576	0.0133505	0.0594566	0.0206033	-0.011034	-0.0227097	-0.0233798	-0.0289063
HG02700	2	-0.0666152	0.0748575	-0.0314924	0.0111588	0.0521188	0.0178696	0.00101564	-0.0132566	-0.0204376	-0.0181381
HG02724	1	0.0303709	0.0411266	0.130221	0.076858	-0.0320053	0.0406879	-0.0312006	0.0250905	0.0182375	-0.00501852
HG02725	2	0.0256267	0.0467393	0.136241	0.0793085	-0.0138829	0.0436243	-0.0295827	0.021037	0.00869575	0.00578353
HG02727	1	0.0295627	0.0402979	0.119915	0.0873286	-0.0195926	0.0366921	-0.0349624	0.0390948	0.024754	0.0166678
HG02728	2	0.0331237	0.0365448	0.139495	0.0915857	-0.0209762	0.0328944	-0.0419103	0.0334947	0.0119223	-0.000933092
HG02731	2	-0.0291041	0.0503195	0.00701512	0.0177849	0.0226795	0.00781006	-0.00517704	0.00565861	0.01537	0.00772019
HG02733	1	-0.0537992	0.0542516	-0.0202283	0.00696536	0.0435101	0.000752128	-0.0143076	0.00795516	-0.000437286	-0.00718219
HG02734	2	-0.0690241	0.0648772	-0.0241782	0.0173516	0.0469313	0.00604316	0.00323063	0.00618297	-0.0316958	0.0403341
HG02736	1	-0.0579275	0.0651714	-0.0179308	0.0188679	0.0411519	0.00434264	0.00542792	-0.00378645	-0.0158173	-0.0227122
HG02737	2	-0.0596397	0.0702222	-0.0246993	0.0143282	0.039467	0.00368122	-0.00374764	6.94623e-05	-0.00692304	-0.00467187
HG02774	1	0.00236439	0.0457506	0.0586984	0.0514286	0.00281218	0.0210906	-0.0108271	0.0140004	0.0059904	0.0132808
HG02775	2	0.0221809	0.0399123	0.12328	0.0830141	-0.0186057	0.0393469	-0.0389435	0.0163849	0.0188885	-0.0157814
HG02778	2	0.0259423	0.0427232	0.131742	0.0943612	-0.0280012	0.0434767	-0.0388686	0.0243491	0.0181437	0.0165765
HG02780	1	0.0232981	0.0460395	0.138142	0.0905122	-0.0190657	0.0415327	-0.0311445	0.0258437	0.0071759	-0.00491022
HG02783	1	0.032548	0.0434168	0.133073	0.0798338	-0.0217659	0.0389852	-0.0331038	0.0231693	0.00416476	-1.48814e-05
HG02784	2	0.0188067	0.0401515	0.117755	0.0841972	-0.0170052	0.0320212	-0.0389002	0.0240952	0.011829	0.0116286
HG02786	1	0.0353617	0.0342223	0.157778	0.102682	-0.0392175	0.0393802	-0.0398521	0.0373844	0.0175983	-0.00291349
HG02787	2	0.0269008	0.0422834	0.123971	0.0951905	-0.0203794	0.0344006	-0.0361417	0.00374072	0.00793263	0.0159452
HG02789	1	0.0249648	0.0408736	0.122857	0.0862585	-0.0166025	0.0365652	-0.0280625	0.0219442	0.0032007	-0.00643478
HG02790	2	0.0289514	0.0380463	0.120523	0.0826115	-0.0165695	0.0397178	-0.0252974	0.0107364	0.0137786	0.00120599
HG02792	1	0.033195	0.0356009	0.134496	0.0881739	-0.0299028	0.0470774	-0.0407523	0.0311105	0.00703797	0.0209904
HG02793	2	0.0365472	0.0407007	0.140748	0.0926891	-0.0337942	0.0330216	-0.0405547	0.0253419	0.0248751	-0.00400699
HG03006	1	0.0261797	-0.00814856	0.00821751	0.00248189	-0.00790979	-0.0112694	0.0264884	-0.024128	-0.0532609	-0.0104464
HG03007	2	0.0239183	-0.0114292	0.0151914	-0.0109273	-0.00699048	-0.0164439	0.0323983	-0.0404741	-0.0425875	-0.00984923
HG03009	1	0.0215893	-0.00100287	0.00845065	-0.00882369	0.000447113	-0.0181442	0.0388591	-0.0294452	-0.050804	-0.0058567
HG03012	1	0.0231765	-0.0098158	0.0132772	-0.00923071	-0.0082181	-0.0155423	0.0314667	-0.0296494	-0.0531691	-0.00347975
HG03015	1	0.0272562	0.0405237	0.121926	0.0848951	-0.0191742	0.0311409	-0.0323201	0.0183866	0.0045473	0.000487529
HG03016	2	0.0266337	0.0388126	0.124553	0.0901284	-0.0230537	0.0392788	-0.0327746	0.0194612	0.0104446	0.00638322
HG03018	1	0.0242632	0.0482007	0.126647	0.0846722	-0.0241925	0.0321631	-0.0235053	0.0239192	0.00443442	0.00350473
HG03019	2	0.0296634	0.0389392	0.128286	0.0890143	-0.0263602	0.044188	-0.0295638	0.0197262	0.010695	-0.0147135
HG03021	1	0.0268071	0.0380853	0.121536	0.0818949	-0.0190461	0.0302758	-0.0321206	0.024947	0.00860627	0.0108278
HG03022	2	0.0119377	0.0561387	0.117473	0.0884203	-0.0284597	0.0417247	-0.0485683	0.0229602	0.0119005	-0.0428303
HG03228	1	0.00844657	0.0120414	-0.00405144	-0.00275328	0.00368399	0.000462475	0.020037	-0.015503	-0.0229733	-0.0944441
HG03229	2	0.00810734	0.0217502	-0.00264826	-0.00810401	0.0030568	-0.0116621	0.00947556	-0.0102132	-0.0174306	-0.09696
HG03234	1	-0.0627371	0.0644242	-0.0165735	0.0134527	0.0461098	0.00112075	0.00477172	-0.00394062	-0.0173625	-0.0260986
HG03235	2	-0.0551715	0.0641868	-0.0220674	0.00716797	0.041663	0.000968731	0.0142246	-0.00510475	-0.0125859	-0.00951716
HG03237	1	-0.06696	0.0792224	-0.0287025	0.00955708	0.0491905	0.00560735	0.00195655	-0.00379215	-0.0122087	-0.00946801
HG03238	2	-0.0735479	0.0847463	-0.0292642	0.00713895	0.0665453	0.00274261	-0.00973022	-0.00414301	-0.0100275	0.00905886
HG03488	2	-0.0443565	0.0446634	-0.0108076	0.00503368	0.0333142	0.00884601	0.00683159	-0.0103349	-0.0129201	-0.00800518
HG03490	1	-0.066668	0.0757745	-0.0221616	0.00425966	0.0396299	0.00546253	-0.0146242	0.00131529	-0.00553108	0.00176984
HG03491	2	0.0081041	0.0516771	0.0950009	0.0630675	-0.0115976	0.0345368	-0.0191979	0.0103954	0.01514	-0.00276254
HG03585	1	0.02891	0.000619242	0.0107488	-0.000257465	-0.00331173	-0.0236224	0.0423059	-0.0459051	-0.0739137	0.0078381
HG03589	2	0.0281067	0.00241582	0.00773411	-0.00891401	-0.0118333	-0.00893945	0.043982	-0.029245	-0.0522366	0.0195423
HG03593	1	0.0288638	-0.00192384	0.00591428	-0.00879315	-0.00494061	-0.0172358	0.0446389	-0.0374777	-0.0520237	0.00213029
HG03594	1	0.0184736	-0.000612582	0.00562117	-0.00400464	-0.00773589	-0.0158861	0.0352933	-0.036702	-0.0687469	0.0125558
HG03595	2	0.0243333	0.000499152	0.0134005	-0.0175753	-0.00759275	-0.010223	0.0358161	-0.0388513	-0.0617733	0.000494313
HG03598	2	0.0269996	0.00185276	0.00870407	-0.00954434	-0.00148024	-0.0146652	0.0461612	-0.040032	-0.0621589	-0.0153579
HG03600	1	0.0381952	-0.0250245	0.0133907	-0.00712141	-0.0178335	-0.0166123	0.0203471	-0.027286	-0.033047	-0.022089
HG03603	1	0.0341819	-0.0107348	0.0146657	-0.00992805	-0.012726	-0.0202581	0.030377	-0.0389178	-0.0661024	0.00349729
HG03604	2	0.0259068	-0.00823696	0.0102341	-0.00687295	-0.00800097	-0.01945	0.0391289	-0.0326019	-0.0474243	-0.00713976
HG03607	2	0.0200347	-0.0020344	0.0100029	-0.00807142	-0.00552607	-0.0168608	0.0459378	-0.0461753	-0.0600128	-0.00754398
HG03611	2	0.0246709	0.00126131	0.00423654	-0.00901686	0.00437817	-0.0199621	0.0515595	-0.0320144	-0.054467	-0.00909775
HG03615	1	0.022111	0.00514195	0.00900322	0.000429295	0.000131557	-0.0247269	0.0410596	-0.0427368	-0.0681446	-0.0219565
HG03616	2	0.0160824	0.00190965	0.00877061	-0.0066138	-0.00266879	-0.00318291	0.0517225	-0.0359764	-0.0615732	-0.00530165
HG03619	2	-0.0863545	0.0853608	-0.0299278	0.0105704	0.0493448	0.000253743	0.00937866	0.00368359	-0.0269428	-0.0151543
HG03624	1	-0.0759274	0.0727702	-0.0299999	0.010216	0.0559718	0.00964699	-0.00291546	0.0162617	0.00516253	-0.00233715
HG03625	2	-0.0810754	0.100324	-0.0380179	0.00142573	0.0525065	0.00948194	-0.00773946	0.00106669	-0.0023597	-0.0167529
HG03629	1	-0.0474969	0.0631746	-0.0154507	0.00909915	0.0368842	0.00165104	-0.000768431	-0.00451619	-0.0140497	-0.0141418
HG03631	2	-0.0358399	0.0451793	-0.0207529	0.00749916	0.0394092	0.001104	0.00531083	-0.00505915	-0.0198037	-0.0117719
HG03634	2	-0.0613717	0.0677828	-0.0120079	0.010769	0.0401227	0.000279501	0.00967227	-0.00676085	-0.0266587	-0.0150617
HG03636	1	-0.0382563	0.0447369	-0.00891616	0.00359608	0.0262379	0.0084229	0.0170451	-0.0121583	-0.0246071	-0.011191
HG03640	2	0.0323422	0.0324429	0.120801	0.0709589	-0.0187975	0.0337064	-0.026318	0.0226025	0.008261	0.00212342
HG03642	2	0.0424275	-0.00685637	-0.00216295	-0.021559	-0.0136945	-0.0227106	-0.00592802	0.0139111	0.018576	-0.00835127
HG03643	2	0.0260115	0.00465635	-0.00796597	-0.0416609	0.00277527	-0.0278593	-0.00501737	0.0318874	0.0257612	-0.0139834
HG03644	1	0.0261879	0.00465314	-0.005658	-0.0324915	-0.00711921	-0.0272955	-0.0169008	0.00379551	0.0353282	0.023759
HG03645	2	0.039181	-0.00498644	-0.0138292	-0.0337624	-0.0113149	-0.0126741	-0.00175835	0.00158462	0.0368498	0.0532507
HG03646	1	0.0348584	0.0033407	-0.0114782	-0.0200199	-0.00826178	-0.007537	-0.000613292	-0.0109098	0.0200828	0.0118112
HG03649	1	-0.0257431	0.0341873	-0.00265186	0.0035616	0.0218722	0.0024863	0.0125486	0.00179552	-0.0326552	-0.0225859
HG03652	1	-0.00930324	0.0193177	-0.00565055	0.00116126	0.015153	-0.00620158	-0.000453599	-0.00178777	-0.0174892	-0.0162222
HG03653	2	-0.0168005	0.0255578	-0.0011841	0.00101786	0.00937419	-0.00204659	0.00732331	0.00354833	-0.00262503	-0.0197513
HG03660	1	0.0239765	0.0421261	0.128462	0.0882363	-0.0224005	0.0371162	-0.031334	0.0206089	0.00975013	0.0179305
HG03663	1	0.0392863	0.0385602	0.126866	0.0925007	-0.0323124	0.0411817	-0.0279123	0.0150176	0.0173135	0.0133252
HG03667	1	0.0295872	0.00257862	-0.00441266	-0.00703171	-0.00455057	-0.0132084	0.0243676	-0.011103	0.00573695	0.00110148
HG03668	2	-0.0134398	0.028046	-0.00803366	-0.00598689	0.00797363	-0.00759437	0.013369	-0.0114589	-0.00942673	-0.0214343
HG03672	1	0.0214394	0.00430873	-0.00974667	-0.0393143	-0.00422606	-0.0111828	-0.0113358	0.0383063	0.053515	0.00105073
HG03673	2	0.0268702	0.00858024	-0.0129701	-0.0243732	0.000310403	-0.0145839	-0.0023981	-0.00829574	0.0254909	-0.0030397
HG03679	1	0.0301467	0.00366357	-0.0181964	-0.0255973	0.00303011	-0.000539245	-0.0012985	0.0356236	0.0200841	0.000866319
HG03680	1	0.0282737	0.00747375	-0.01727	-0.0259417	-0.00619869	-0.0141942	-0.00430303	0.0159254	0.0395642	0.00403084
HG03681	1	0.0244969	0.000598445	-0.00560819	-0.0337099	0.00207162	-0.01464	-0.00794085	0.00549148	0.026323	-0.0057773
HG03684	2	0.0603547	-0.0219334	0.0143751	-0.0214109	-0.0209136	-0.0176415	0.00277054	0.00576987	0.0293506	-0.00894283
HG03685	1	0.0374492	-0.00447352	-0.00718102	-0.0355589	-0.003165	-0.016337	-0.00124362	0.0147183	0.0358258	0.0109939
HG03686	1	0.0512347	-0.0128626	0.00780791	-0.0287327	-0.0161739	-0.0153229	-0.000151318	0.0114995	0.0353901	-0.0124569
HG03687	1	0.0267606	0.00487004	-0.011761	-0.027679	-0.00874784	-0.0103607	0.00453849	0.0180904	0.0377857	-0.0229522
HG03689	2	0.0272851	-0.00619914	-0.0112502	-0.0286247	-0.00570164	-0.0144279	-0.00498844	0.0170286	0.0553625	0.00959405
HG03690	2	0.0325415	0.00305137	-0.0139068	-0.0316761	0.000277455	-0.00615545	-0.00559961	0.0219124	0.0497807	0.0205497
HG03691	1	0.0374494	-0.00587268	0.00285291	-0.0293513	-0.00185338	-0.0131109	-0.00673143	0.00432335	0.028485	0.0038575
HG03692	2	0.0455212	-0.0129858	-0.00231401	-0.041144	-0.00773596	-0.0283671	-0.00379157	0.00434777	0.0677314	0.350127
HG03693	1	0.0403106	-0.00923567	-0.0077882	-0.0292503	-0.00151634	-0.0160163	0.00124041	-0.000646184	0.0333454	0.0568064
HG03694	1	0.0034871	0.0236837	0.0043908	-0.00709799	0.00617794	0.000139481	0.0266984	-0.0169782	-0.0159334	-0.00916085
HG03695	1	0.0310414	-0.00118788	-0.00728132	-0.0324059	-0.00630436	-0.0155357	0.000549898	0.0143918	0.0477833	0.00522547
HG03696	1	0.0308245	0.000622832	-0.0130723	-0.0387615	-5.50601e-05	-0.0366721	-0.0273415	0.0290779	0.0675912	0.0618049
HG03697	1	0.0355374	0.00400012	-0.00289152	-0.0274929	0.00391467	-0.0249877	-0.0131774	0.0219749	0.0377034	0.0283404
HG03698	2	0.0285408	0.0041439	-0.00548427	-0.0244843	-0.00789399	-0.021449	0.00763586	0.00261817	0.0263264	0.0137085
HG03702	1	0.00379306	0.0104154	-0.00153936	-0.000885864	0.0171614	-0.00683395	0.017176	-0.017131	-0.00987221	-0.00391786
HG03703	2	-0.00403593	0.0230825	0.00903877	0.00209169	0.00473428	-0.00801204	0.00992299	-0.00830938	-0.0138608	0.00741001
HG03705	1	0.0317469	0.0428664	0.139281	0.0958659	-0.0326249	0.02852	-0.0312567	0.0237554	0.0203157	0.00764057
HG03706	2	0.0287786	0.0502578	0.118989	0.0874369	-0.0192881	0.0366112	-0.0305103	0.0387695	0.0111712	-0.00768523
HG03708	1	-0.0230159	0.0333199	-0.0114981	0.00186226	0.0252889	-0.00827066	0.0171876	-0.0113077	-0.0179959	0.009588
HG03709	2	0.00265525	0.0207504	0.0116949	0.0082808	0.00936981	-0.00107867	0.0186869	-0.0212751	-0.0139838	-0.0218621
HG03711	1	0.0300965	0.00848465	-0.0207829	-0.0410774	-0.00861686	-0.0229399	-0.0279185	0.0186528	0.0887187	-0.00215465
HG03713	1	-0.0083673	0.0322333	-0.00833606	-0.00573293	0.0214187	-0.000971687	0.00479223	-0.00480323	0.00948582	-0.0200854
HG03714	2	-0.0162311	0.0318357	-0.0181254	0.00405425	0.0211365	-0.00697711	-0.00226862	0.00198068	-0.0034732	-0.0227725
HG03716	1	-0.0167699	0.0340397	-0.0208662	-0.00295026	0.0139875	-0.00308815	0.00244234	0.00528461	0.00911118	-0.0180538
HG03717	2	0.0588941	-0.0706797	-0.121808	0.155413	0.0385919	0.044399	-0.0193148	0.00599096	-0.00847808	0.0130022
HG03718	1	0.0612284	-0.0728458	-0.119066	0.162274	0.0362698	0.0449024	-0.0228478	0.00956476	-0.0118151	0.0068936
HG03720	1	0.0342924	-0.0085371	-0.00688997	-0.0081118	-0.007137	-0.00730432	0.0131493	-0.00656244	0.0175923	-0.00907525
HG03722	2	0.0411118	-0.0187086	-0.0108925	-0.00703577	-0.00816325	-0.0020582	0.000856055	-0.00107417	0.020866	-0.0224881
HG03727	1	0.014014	0.0131048	-0.0166465	-0.0149819	0.00725787	-0.0109288	-0.00614847	0.0260087	0.0566696	-0.0485781
HG03729	1	0.0184142	0.0022621	-0.0267535	-0.0134183	0.0149816	-0.00647707	-0.00504777	0.0148088	0.0844767	-0.0573207
HG03730	2	0.0645309	-0.028332	0.0162235	-0.0136497	-0.0314181	-0.0201098	0.0168089	-0.0105408	0.0238412	-0.00500671
HG03731	2	0.014677	0.0110792	-0.019796	-0.0151442	0.0097545	-0.0173847	-0.00588056	0.0107408	0.0631313	-0.0427163
HG03733	2	0.0785782	-0.0153041	-0.0310839	-0.23364	0.0204875	0.567441	-0.0413385	-0.0379808	-0.067517	0.0203653
HG03736	2	0.0315776	0.00212518	-0.00550194	-0.0230328	0.00145398	-0.00708552	0.00157367	-0.00464632	0.0265276	0.0184729
HG03738	1	0.024801	0.0125	-0.0141453	-0.04026	0.000673249	-0.0183754	-0.00788968	0.0495615	0.0390301	0.034019
HG03740	1	0.0437605	-0.0135622	-0.00390925	-0.0288075	-0.0167053	-0.018616	-0.00315085	0.0116835	0.030437	-0.0323958
HG03741	2	0.042138	-0.00606224	-0.00757246	-0.0276632	-0.0112541	-0.0232911	-0.00271094	-0.00524448	0.0427416	-0.0163966
HG03742	1	0.0357888	-0.00353349	-0.0169417	-0.000158715	-0.00679359	-0.00780627	-0.000695737	-0.00433391	0.0263675	0.00344609
HG03743	1	0.0755022	-0.0323172	0.0146454	-0.0276695	-0.0268444	-0.0193821	0.0159423	-0.00259038	0.0199762	0.0126201
HG03744	1	0.0372613	-0.00548682	-0.00421054	-0.0239761	-0.00331597	-0.00991295	-0.00969952	-0.00204031	0.0271368	0.00631548
HG03745	1	0.027724	-0.000226545	-0.0153098	-0.0303402	-0.00113001	-0.0108731	-0.00702718	0.00750048	0.0349444	0.00540556
HG03746	1	-0.0208281	0.0325588	-0.0280101	-0.00894787	0.0147174	-0.0063578	-1.8633e-06	-0.0033569	0.0147123	-0.0321018
HG03750	1	0.0419269	0.0142714	-0.0270069	-0.10017	-0.00620378	-0.0495919	-0.0250275	0.604573	-0.323502	0.00613873
HG03752	2	0.0219754	0.00143688	-0.0154453	-0.0457677	0.000975065	-0.00781746	-0.0204754	0.0343133	0.0486627	0.046998
HG03753	1	0.0297068	0.00399654	-0.00626598	-0.0350117	-0.010334	-0.00844201	-0.00105051	0.0143018	0.0383177	-0.00241769
HG03754	2	0.0404569	0.0151109	-0.0316712	-0.0954154	-0.00478742	-0.0493652	-0.0192483	0.59897	-0.318641	0.00442751
HG03755	1	0.0312039	0.00590483	-0.00956187	-0.0207447	-0.00718524	-0.0146075	0.00736167	0.0212081	0.0335363	-0.0150403
HG03756	2	0.0275507	0.00370931	-0.0130654	-0.0239584	0.0212286	-0.0145664	-0.0071007	0.0274582	0.0495442	0.0105222
HG03757	2	0.0639674	-0.0190044	0.00984335	-0.0235792	-0.0176331	-0.0157387	0.00852087	-0.00843064	0.0195583	0.00780151
HG03760	2	0.0308249	-0.00216914	-0.0084174	-0.0293855	-0.00474224	-0.0144757	-0.0132583	0.0198117	0.0315279	-0.00519308
HG03762	2	0.0198154	0.0135336	0.00628546	-0.00710414	0.00766916	-0.00863888	0.00689983	-0.00450106	0.0190027	-0.00967076
HG03765	2	-0.0504323	0.0472959	-0.0191713	0.000196442	0.0250539	0.00757187	0.00566934	-0.00956662	-0.00811281	-0.0225891
HG03767	1	-0.0864941	0.0876364	-0.0381154	0.00825475	0.0678359	0.00769656	-0.00843117	0.00408894	0.00941527	0.000687619
HG03770	2	0.0447349	-0.0147333	0.000114209	-0.0205001	-0.00872476	-0.0140917	0.0189341	-0.00708314	0.00987089	-0.0279258
HG03771	1	0.0427904	-0.0106517	-0.000616269	-0.00538253	-0.011164	-0.00524833	0.0185692	-0.00665836	0.0105455	-0.0191515
HG03772	2	0.0650572	-0.0817663	-0.131309	0.163765	0.0394752	0.0438818	-0.0230679	0.0156957	-0.01589	-0.00554958
HG03773	1	0.0598025	-0.0823104	-0.132329	0.17581	0.0395694	0.0486798	-0.0325395	0.00919179	-0.0151928	0.00118001
HG03774	2	0.0245165	0.0106974	-0.014537	-0.0252235	0.0110607	-0.0172986	-0.0216477	0.00682988	0.0617694	-0.0372235
HG03775	1	0.0165783	0.00901725	-0.00804855	-0.0179099	-0.000846207	-0.00385659	-0.00222127	0.0162157	0.0596869	-0.0209617
HG03777	1	0.00923954	0.00871857	-0.0103794	-0.0296328	0.0121255	-0.0139608	-0.0103815	0.0241541	0.064864	-0.0392893
HG03778	1	0.0298612	-0.00918164	-0.0184192	0.00404716	0.00274979	-0.0060182	0.0027572	-0.00668428	0.0195579	-0.0128313
HG03779	1	0.0229674	0.000729716	-0.00476112	-0.00112724	-0.00442367	-0.0200551	0.00170108	-0.00639236	0.00846153	-0.00539229
HG03780	2	0.0144968	0.0116131	-0.0240197	-0.0251501	0.0056179	-0.0020665	-0.0106657	0.0184438	0.0571803	-0.0447783
HG03781	2	0.0201952	-0.00417871	-0.00764288	-0.0104313	-0.00225626	0.00259968	0.00721104	-0.00972912	0.0131515	-0.0225926
HG03782	2	0.0173949	0.0116079	-0.0231113	-0.011728	0.0127497	-0.0048504	-0.00512481	0.0229218	0.0546693	-0.0209371
HG03784	2	0.0598597	-0.0781302	-0.132915	0.168274	0.0396559	0.0439142	-0.0238134	0.00996598	-0.0092263	-0.00193064
HG03785	1	0.0613274	-0.084335	-0.120318	0.15284	0.0390662	0.0380857	-0.026525	0.0113619	-0.0147573	-0.00152327
HG03786	1	0.0562021	-0.0766302	-0.12963	0.160244	0.0338029	0.0365851	-0.0422719	0.0180603	-0.0215703	0.0162107
HG03787	2	0.0448323	-0.0157111	-0.00896207	-0.00718741	-0.0151787	-0.011126	0.0140431	0.00165745	0.0188297	-0.0234086
HG03788	1	0.0124456	0.00932896	-0.00990082	-0.0118879	0.0102191	-0.0065672	0.00707454	0.0028521	0.0365139	-0.0084318
HG03789	2	-0.00882342	0.0147477	-0.0141902	-0.00349913	0.0154458	-0.00758769	-0.00135651	0.00551637	0.00547329	-0.0305271
HG03790	1	0.0109583	0.0156364	-0.0204813	-0.0171366	0.00866026	-0.00405988	-0.00853225	0.0100271	0.0673694	-0.0640745
HG03792	1	0.0135686	0.0158496	-0.0198927	-0.0143265	0.0162031	-0.0136333	0.0054946	0.000987193	0.0672035	-0.044503
HG03793	2	0.0263999	-0.00953331	0.00927128	-0.00704722	-0.0100532	-0.0220643	0.0305446	-0.0149274	-0.0348017	-0.0127614
HG03796	2	0.0276473	0.0020699	0.0124063	-0.0137168	-0.0136005	-0.016649	0.0449383	-0.048193	-0.0770111	0.00957348
HG03800	1	0.0503471	-0.011961	0.00873373	-0.0292356	-0.013288	-0.0199494	0.0469183	-0.0368409	-0.0717138	-0.00828093
HG03802	2	0.0288883	-0.000302129	0.0176747	-0.00554828	-0.0104321	-0.0201985	0.0267648	-0.0330907	-0.0570464	0.00152231
HG03803	1	0.021103	-0.00124327	0.0173476	-0.00890589	-0.00386157	-0.00983399	0.0371631	-0.0349454	-0.0547452	-0.0132004
HG03805	2	0.0272827	0.0015476	0.0124772	-0.00773119	-0.00495514	-0.0184173	0.0442074	-0.0431513	-0.0580638	-0.00759879
HG03808	2	0.0295917	0.0041522	0.00347021	-0.0100079	-0.00921844	-0.0122945	0.039287	-0.0298522	-0.0639701	-0.00414109
HG03809	1	0.0291809	-0.00263396	0.0126871	-0.00229674	-0.00832198	-0.0141729	0.0474687	-0.0366129	-0.0598789	0.0125703
HG03812	1	0.0224592	-0.0060752	0.011713	-0.0111373	-0.0104299	-0.0158359	0.0543838	-0.0337976	-0.0619166	-0.0021435
HG03814	2	0.0260176	-0.00143303	0.0135897	-0.0127051	-0.00714469	-0.0182971	0.0501558	-0.0493754	-0.0768407	-0.00032551
HG03815	1	0.023382	-0.000797317	0.0138262	-0.00850359	-0.00564241	-0.0234697	0.0401214	-0.0462991	-0.0711472	0.0189587
HG03817	2	0.0291209	-0.00163483	0.0166876	-0.00455254	-0.0110225	-0.00316606	0.0348016	-0.0312944	-0.0700005	0.00596709
HG03821	1	0.0208933	-0.00287571	0.000452375	-0.00393336	-0.00555156	-0.0184338	0.0361987	-0.0329865	-0.0598161	-0.00715769
HG03823	2	0.0292698	-0.00394316	-0.00554525	-0.00345726	-0.000231436	-0.0187262	0.0468955	-0.037291	-0.0636458	-0.000141136
HG03824	1	0.0274026	-0.00220958	0.00581707	-0.0146599	-0.00943964	-0.0113203	0.0472021	-0.0417615	-0.0691111	0.00133848
HG03826	2	0.020605	-0.00194916	0.00672861	-0.00273143	-0.0112461	-0.00827668	0.0416025	-0.0373237	-0.070157	0.00751672
HG03829	2	0.0313419	-0.00690698	0.0190971	-0.00598455	-0.0165388	-0.00784682	0.0487481	-0.0423537	-0.0582667	-0.00599925
HG03830	1	0.0285589	-0.00361179	0.00942018	-0.00356685	-0.00312274	-0.0148763	0.0399006	-0.0440104	-0.0731641	-0.0152308
HG03832	2	0.0300914	-0.00163409	0.0142528	-0.00701649	-0.0119607	-0.0139622	0.044232	-0.0357468	-0.0489539	0.00592063
HG03833	1	0.0221013	-0.00194947	0.00714774	-0.00296179	-0.00386578	-0.0192874	0.0473203	-0.0464883	-0.0624596	-0.0122839
HG03836	2	0.0288608	0.0063153	-0.0228711	-0.0407534	0.00838613	-0.0204976	-0.01207	0.0293235	0.0402532	0.0452889
HG03837	1	0.0297221	0.00596602	-0.0174832	-0.0485886	0.0017016	-0.0302116	-0.0196872	0.0482953	0.0615164	0.0338306
HG03838	2	0.0389409	-0.0062083	-0.000536776	-0.0230887	-0.00288388	-0.00832144	-0.00352009	-0.00719413	0.027892	0.00204361
HG03844	1	0.0352955	0.000963243	-0.00460062	-0.0324102	-0.00404122	-0.0179886	0.00408893	-0.00232328	0.0185107	0.015752
HG03846	1	0.0427257	0.000640774	-0.0124652	-0.0296686	-0.00875346	-0.020331	-0.00274328	0.0140891	0.0280489	0.0294124
HG03848	1	0.0359055	-0.00333964	-0.00763057	-0.0323939	-0.00657067	-0.024094	-0.00723599	0.0246223	0.0381833	0.0228091
HG03849	2	0.0369776	-0.00126187	-0.00813606	-0.0279172	-0.00333289	-0.022588	-0.00428896	-0.00764495	0.0432277	0.125959
HG03850	1	0.0352198	0.00499103	-0.0120911	-0.0277332	0.00592962	-0.0181817	0.00329517	0.00851886	0.0480352	0.0594495
HG03851	1	0.0290785	-0.000639268	-0.0132028	-0.0408562	-0.00173758	-0.0199841	-0.0229468	0.0140988	0.0445444	0.0033659
HG03854	1	0.035642	0.00588471	-0.0192145	-0.0386055	-0.00461146	-0.019528	-0.0122285	0.0525939	0.0474103	0.033046
HG03856	1	0.0747617	-0.0332179	0.0191742	-0.0167896	-0.029828	-0.0194256	0.0273397	-0.00865279	0.016394	-0.0085205
HG03857	2	0.0309833	-0.00617417	-0.00243557	-0.0225427	0.00136974	-0.00834956	0.0107446	-0.00616182	0.0172346	-0.00374502
HG03858	2	0.0515532	-0.00700755	0.00369872	-0.04012	-0.0171705	-0.0270587	0.0142434	0.00158452	0.0126614	0.0291068
HG03861	2	0.0591128	-0.0803076	-0.129471	0.157322	0.0396279	0.0416613	-0.0239484	0.00779964	-0.019891	0.0151657
HG03862	2	0.0106889	0.0112326	-0.0280121	-0.0164257	0.0133137	-0.0136185	-0.0149122	0.0327045	0.0791049	-0.0783793
HG03863	2	0.0099483	0.00935665	-0.0168802	-0.0101085	0.0028578	-0.0103094	-0.00484011	0.0190364	0.0560514	-0.0398676
HG03864	1	0.0155439	0.0111673	-0.0235261	-0.0231228	0.0109785	-0.0115643	-0.00573331	0.00585512	0.0702795	-0.0332646
HG03866	1	0.0393758	0.00719707	-0.0138422	-0.0651597	0.00165339	-0.0652695	-0.284106	-0.065287	-0.0837715	-0.000938278
HG03867	1	0.0578539	-0.0147634	0.0190398	-0.013706	-0.0176847	-0.0160384	0.0362085	-0.00142083	0.0148183	-0.0274999
HG03868	2	0.00591346	0.0164569	-0.0189675	-0.0197784	0.0091851	-0.0100741	-0.00372823	0.0186609	0.0633675	-0.0519405
HG03869	1	0.0155904	0.0110339	-0.0209041	-0.0171969	0.0157376	-0.0163433	-0.0061206	0.0135792	0.0706791	-0.044791
HG03870	1	0.0166728	0.00426085	-0.0173028	-0.00522925	0.00932056	-0.0162634	0.0127596	0.0163757	0.0567894	-0.0513173
HG03871	1	0.021617	0.00247417	-0.022282	-0.00927564	0.0121122	-0.0155431	-0.0149228	0.0145056	0.049191	-0.0593402
HG03872	1	0.0153641	0.00464535	-0.0163645	-0.0256917	0.00871108	-0.00705828	0.00180931	0.0176962	0.0571195	-0.0450067
HG03873	2	0.052928	0.00675276	-0.0158753	-0.107794	-0.00533448	-0.135054	-0.583816	-0.170762	-0.197703	-0.0204391
HG03874	2	0.0213156	0.00716211	-0.00864974	-0.0134232	0.000652948	-0.00891695	0.0210727	-0.00431249	0.0106279	-0.00164719
HG03875	1	-0.0186607	0.0397692	-0.0168968	-0.00782952	0.0204935	-0.0097632	-0.00224041	0.00439575	0.00981384	-0.0488945
HG03882	2	0.0153194	0.0127766	-0.0183065	-0.0170034	0.00960048	-0.0147127	0.00455622	0.0253053	0.07442	-0.0607434
HG03884	2	0.0291505	0.00141954	-0.0227528	-0.0468683	-0.0101648	-0.027311	-0.0054377	0.0672441	0.0341112	-0.013491
HG03885	1	0.0321419	0.00359458	-0.00671735	-0.0301561	0.000171553	-0.0201933	-0.00709073	0.0126158	0.0374517	0.0298288
HG03886	2	0.0360656	0.000851703	-0.0189389	-0.0313114	0.00495828	-0.0170745	-0.0197035	0.0226768	0.0517809	0.0241196
HG03887	1	0.0260198	-0.00139198	-0.00891365	-0.0269122	-0.00942988	-0.0147183	0.00205642	0.0201037	0.0441849	-0.0181107
HG03888	2	-0.0183167	0.0264475	-0.00703103	-0.00351251	0.0163366	-0.00943082	0.000736813	0.0013643	0.0270373	-0.0011888
HG03890	1	0.0292832	-0.00399357	-0.0118022	-0.0390678	-0.0129617	-0.0182114	-0.00729989	0.0232667	0.0482353	0.0203228
HG03894	2	0.0414284	-0.0100138	-0.00671829	-0.0251816	-0.00863115	-0.0272487	-0.00312624	0.00893018	0.0578699	0.238044
HG03895	2	0.0315466	0.00251098	-0.0141397	-0.052645	-0.00117021	-0.0115455	-0.0295334	0.0433399	0.090002	0.0301024
HG03896	1	0.0522642	-0.00864689	-0.00874754	-0.0377571	-0.0209732	-0.0312922	-0.0016367	0.00506445	0.0810199	0.435369
HG03897	2	0.0238683	0.00591651	-0.00811072	-0.030229	0.00484185	-0.0139003	-0.0123256	0.0189276	0.0519947	0.0126348
HG03898	2	0.0454237	-0.00788382	-0.012611	-0.120291	0.00621453	0.253808	-0.0277192	-0.0127563	-0.00821795	-0.0183539
HG03899	1	0.0716382	-0.0153725	-0.029063	-0.230269	0.0242124	0.565686	-0.0389381	-0.0407927	-0.0654964	0.0270958
HG03900	1	0.0317275	0.00140646	-0.00982786	-0.0366383	0.00561082	-0.0237891	-0.0171364	0.0216397	0.0744367	0.0186334
HG03902	1	0.0217014	-0.000301224	0.00391145	-0.00320834	-0.000479454	-0.0224608	0.0483268	-0.0449733	-0.0655755	0.0178143
HG03905	1	0.0264541	0.00255264	0.0153969	-0.00535918	-0.0071713	-0.0233506	0.0413885	-0.0360358	-0.0586895	0.018071
HG03907	2	0.0300339	-0.00335579	0.01578	-0.0084271	-0.00419922	-0.0227494	0.0460275	-0.0513003	-0.0642972	-0.0105098
HG03908	1	0.0231922	-0.00195576	0.00349122	-0.00913081	-0.00219482	-0.0158977	0.0424747	-0.0286039	-0.0571698	-0.0133302
HG03910	2	0.0223253	0.0021815	0.00751044	-0.0109346	-0.00650349	-0.026705	0.0459746	-0.0442173	-0.0667746	-0.00350046
HG03911	1	0.019734	-0.00235988	0.0142625	-0.0145608	0.00441201	-0.0141494	0.0335594	-0.0257606	-0.0576057	0.0181423
HG03913	2	0.0262505	0.0028088	0.00917144	-0.0055462	-0.0120872	-0.0173681	0.0511122	-0.0362262	-0.063091	0.000567544
HG03914	1	0.0273016	7.01834e-05	0.00577132	0.000834035	-0.0093393	-0.0111193	0.0467032	-0.0340525	-0.0652259	0.00276541
HG03916	2	0.0309552	0.00117786	0.00756502	-0.00448724	-0.0104822	-0.0261979	0.0542679	-0.0506194	-0.0580084	0.0109114
HG03917	1	0.0226969	-0.000184401	0.00290699	-0.00732728	-0.00457101	-0.0156598	0.0486977	-0.0371795	-0.0559264	-0.00762703
HG03919	2	0.00899408	0.0113856	0.00127594	-0.00349035	0.00403624	-0.0259532	0.0184318	-0.0241384	-0.0192094	-0.00993321
HG03920	1	0.0334639	-0.00383263	0.0145461	-0.00224503	-0.0122432	-0.0119213	0.0315214	-0.0415505	-0.0516302	-0.00683278
HG03922	2	0.0316861	-0.00218108	0.0139712	-0.0188633	-0.0096551	-0.00345012	0.0365401	-0.0347976	-0.0726501	-0.011523
HG03925	2	0.0238928	-0.00145379	0.00755843	-0.00459337	-0.00354669	-0.0198782	0.043841	-0.0336736	-0.0562571	0.0113926
HG03926	1	0.0242506	0.00206409	0.00890704	-0.00643537	-0.00606684	-0.0211162	0.0531574	-0.0347708	-0.0569342	-0.0145798
HG03928	2	0.0311875	-0.00159215	0.00509843	-0.0100331	-0.00573835	-0.0174136	0.0346141	-0.0416368	-0.0633254	0.00218373
HG03931	2	0.0297381	-0.000725276	0.00673068	-0.00216086	-0.00402735	-0.0260156	0.0489812	-0.0435372	-0.0743564	0.00803766
HG03934	2	0.0226152	0.000327559	0.0141913	-0.0078116	-0.00939757	-0.019656	0.0347662	-0.0330921	-0.0570642	0.00942324
HG03937	2	0.0208704	-0.00571372	0.00989071	0.00304044	-0.0025909	-0.0145893	0.0430938	-0.0512293	-0.0585727	0.0140738
HG03940	2	0.041514	-0.026852	0.00956514	0.00147612	-0.0135767	-0.010515	0.0216726	-0.0215455	-0.014262	-0.00917586
HG03941	1	0.0463976	-0.0274535	0.0120712	-0.00850823	-0.0196604	-0.0187135	0.0387227	-0.0241072	-0.0268884	-0.00013127
HG03943	1	0.0366172	-0.00112332	-0.0151967	-0.0334653	-0.00637835	-0.0149089	-0.0144942	0.0374622	0.076446	-0.00457745
HG03944	2	0.0279245	0.0052058	-0.0105319	-0.02973	-0.00231087	-0.0303979	-0.0145283	0.00676122	0.0381929	0.0172465
HG03945	2	0.0242832	0.00513638	-0.00799762	-0.0176112	0.00513165	-0.00912584	-0.00438828	0.00242899	0.0361305	-0.00222122
HG03947	2	0.03299	-0.00373354	-0.00678873	-0.0146689	-0.00826644	-0.0154149	0.0132731	0.01024	0.0180115	-0.0025773
HG03949	2	0.0312182	0.00466519	-0.0127301	-0.0226655	0.00218486	-0.023462	-0.00569855	0.0196521	0.0579713	-0.00493584
HG03950	1	0.0334876	-0.00484278	-0.00320774	-0.0235305	-0.00200861	-0.0255868	0.00700338	-0.00342509	0.0293345	0.0229253
HG03951	2	0.0251002	0.00699263	-0.00908277	-0.032884	0.000289986	-0.0149582	-0.00217463	0.0115979	0.0313869	-0.0173267
HG03953	1	0.0188859	-0.00143901	-0.00543659	-0.0315914	-0.00299814	-0.0101349	-0.00875924	0.0188095	0.0396969	0.014142
HG03955	2	0.0396995	-0.00853454	-0.0190017	-0.121533	0.0112951	0.255176	-0.0289165	-0.0119071	-0.00273222	-0.0238012
HG03960	1	0.0276164	-0.00177485	-0.0116467	-0.00861767	-0.00433925	-0.00981365	0.000515518	-0.00394478	0.0385642	-0.0418782
HG03963	1	0.0307028	-0.00379344	-0.0074964	-0.0245952	-0.00354518	-0.0111543	-0.00340045	0.00924225	0.0219767	-0.00810898
HG03965	1	0.0426471	-0.0122544	-0.0122397	-0.0077327	-0.00321844	-0.0114221	0.021015	-0.00601008	0.00677279	-0.0257409
HG03967	1	0.015169	0.0129468	-0.0127085	-0.0142122	0.0104823	-0.00354052	-0.0134934	0.0158388	0.0689837	-0.0553619
HG03968	2	0.0187594	0.00349201	-0.00678135	-0.0180316	0.0106547	-0.0131058	0.000657385	0.0131254	0.0735119	-0.0494668
HG03969	1	0.0184573	0.00505362	-0.015117	-0.0193923	0.00561452	-0.0169419	-0.00259702	0.0202707	0.0578886	-0.0561861
HG03971	1	0.0193982	0.0111059	-0.0142888	-0.0136302	0.00672718	-0.0145116	-0.0121847	0.0060943	0.0553062	-0.0377818
HG03973	2	0.0158467	0.00347214	-0.0255347	-0.0147974	0.00882273	-0.00608589	-0.0050074	0.0142036	0.0421887	-0.0266976
HG03974	1	0.0243685	0.00536824	-0.0209189	-0.00441045	0.00700968	-0.00457516	-0.0044594	0.0164722	0.0401767	-0.0305449
HG03976	1	0.0214362	0.00112928	-0.00541213	-0.013056	0.00439461	-0.00862525	0.000407585	-0.00464106	0.043565	-0.0234778
HG03977	2	0.07105	-0.0304613	0.0176262	-0.0209147	-0.0293102	-0.010874	0.0111466	-0.00363114	0.0253676	0.00157036
HG03978	1	0.0370928	-0.0145339	-0.00827336	0.00738164	-0.00652329	-0.00845073	0.00511577	-0.00391526	0.00753297	0.00322539
HG03985	1	0.0533565	-0.0106702	-0.000605563	-0.0325712	-0.0146345	-0.0177063	0.00749941	0.00494633	0.0191683	-0.00675323
HG03986	2	0.0265843	0.00018264	-0.0087933	-0.0301591	0.00305825	-0.0103675	-0.0187833	0.0150028	0.0381475	0.00865529
HG03989	2	0.0280538	0.00332931	-0.00900202	-0.0239458	0.0066907	-0.0211711	-0.0078109	0.00932525	0.0402162	0.0296582
HG03990	1	0.0347325	-0.00932371	-0.00631616	-0.0295072	-0.0114907	-0.0112961	0.000300251	-0.0021296	0.0167394	0.0119067
HG03991	1	0.0336683	-0.00475886	-0.0112711	-0.0794833	-0.000479103	0.166896	-0.0182739	0.000422217	0.00587724	-0.010281
HG03995	2	0.0437471	-0.0026301	-0.00968356	-0.0276806	-0.00639006	-0.0224128	-0.00449163	0.00966998	0.0566664	0.22056
HG03998	1	0.0495325	0.00754672	-0.015832	-0.10606	-0.00310708	-0.137283	-0.573657	-0.169773	-0.196091	-0.0230642
HG03999	1	0.0341049	-0.00185775	-0.0038414	-0.0190331	0.0011967	-0.0165288	0.00345524	0.0104379	0.0218799	-0.00702159
HG04001	2	0.0299338	-0.0106491	-0.00543836	-0.00652619	0.0042399	-0.00700034	0.0137673	-0.0079302	0.0168375	-0.0193242
HG04002	1	0.0181392	0.00379227	-0.000888384	-0.00933798	0.00622931	-0.0152215	0.00871344	-0.00383782	0.0327154	-0.0424417
HG04003	1	-0.013769	0.0326716	-0.0175143	-0.00858079	0.0232394	-0.00117665	0.00316228	-0.000961962	0.0070327	0.0019883
HG04006	1	0.0495699	-0.0129872	0.000437179	-0.025757	-0.016813	-0.0133682	0.00272487	0.00797974	0.0289654	-0.0198102
HG04014	2	0.0339836	-0.00507986	-0.00191125	-0.01235	-0.00950678	-0.0137774	0.0162387	-0.00868842	0.0186645	-0.00721603
HG04015	1	0.0267499	-0.00449846	0.00172136	-0.0205302	-0.00407213	-0.0193227	-0.00723661	0.00806285	0.036965	0.0019283
HG04017	1	0.0515879	-0.0755506	-0.135054	0.160129	0.0520871	0.0440032	-0.0252068	0.00814914	-0.0238526	0.0234587
HG04018	2	0.0131412	0.014313	-0.0167803	-0.014549	0.0101525	-0.0102409	-0.016038	0.0223117	0.0702505	-0.0581327
HG04019	1	0.0154942	0.00647313	-0.0269828	-0.0096457	0.0123579	-0.00734451	-0.00421422	0.00916399	0.0549113	-0.0447992
HG04020	1	0.0111607	0.0206388	-0.0146671	-0.013063	0.00892882	-0.0062133	0.0036394	-0.01438	0.00731834	-0.0218316
HG04022	1	0.0245812	0.000528145	-0.0151997	-0.00557937	0.00739878	-0.00198637	0.00498252	0.0113434	0.0295979	-0.0213818
HG04023	1	0.0683556	-0.0887973	-0.142629	0.178833	0.038433	0.0435995	-0.0463257	0.0146052	-0.0237912	0.0159495
HG04025	2	0.0650346	-0.0800392	-0.131833	0.181065	0.0413498	0.0470391	-0.0341408	0.0214646	-0.0114203	-0.00165571
HG04026	2	0.0668215	-0.0856546	-0.133477	0.179838	0.0442929	0.0375942	-0.0317713	0.0148688	-0.0230405	0.00391023
HG04029	2	0.0279957	-0.000959879	-0.018413	-0.0224616	0.00883936	-0.0125559	-0.00313633	0.0277136	0.0367129	-0.0130538
HG04033	1	0.0369311	-0.00451539	-0.00609309	-0.0262876	-0.00973752	-0.00890146	0.00263093	0.0146971	0.0298282	-0.00129702
HG04035	2	0.0290177	0.00440041	-0.0152379	-0.0436611	0.00785022	-0.0230128	-0.0210141	0.0307892	0.0413719	0.0201183
HG04038	2	0.0263929	-0.00367358	-0.00290562	-0.0244081	-0.00436859	-0.0115504	0.00251007	0.0167168	0.0271691	-0.0133159
HG04039	1	0.0350547	-0.00185811	-0.00868633	-0.0257494	0.00192034	-0.0177212	0.0041196	0.0042754	0.0301272	0.0201553
HG04042	2	0.0303885	0.0035301	-0.00260893	-0.0252787	0.00205308	-0.0127687	-0.000943635	0.0337509	0.0317502	-0.011501
HG04047	2	0.0387611	-0.00902056	0.000785188	-0.0363066	-0.00821028	-0.0103019	-0.0106014	0.00310227	0.0215398	-0.00326028
HG04054	2	0.0637961	-0.0796095	-0.114588	0.157146	0.0360646	0.0376133	-0.0167513	-0.00143388	-0.0124965	0.00235718
HG04056	1	0.0560494	-0.0866863	-0.142005	0.182065	0.0428202	0.0469994	-0.0150301	0.00887265	-0.0266366	0.00310724
HG04059	2	0.0151834	-0.00144677	-0.0131021	-0.00474399	-0.00227122	-0.0109325	-0.00807721	-0.00276128	0.0339465	-0.0319272
HG04060	1	-0.010762	0.028688	-0.00803428	-0.0100288	0.01157	-0.00945818	0.00826938	-0.00372726	0.0227868	0.00302763
HG04061	1	0.0686307	-0.033461	0.00495063	-0.0144998	-0.0255027	-0.013185	0.0170703	-0.00577533	0.0113014	-0.0100783
HG04062	2	0.060913	-0.0219619	0.00581844	-0.0212958	-0.0150538	-0.0174136	0.00988429	0.00330777	0.017936	-0.00738713
HG04063	2	0.0555814	-0.0830886	-0.121476	0.153654	0.0350214	0.0385934	-0.0252259	0.00437407	-0.0100745	0.0145338
HG04070	2	0.0307067	-0.00727089	-0.0181296	-0.00639291	0.00557459	-0.0232252	-0.000795332	-0.000661105	0.0579122	-0.0346134
HG04075	2	0.0386808	-0.00347863	-0.00685841	-0.0282925	-0.0110409	-0.0115165	-0.00747628	0.0192602	0.0171757	-0.011794
HG04076	2	0.0205217	0.000443387	-0.00386675	-0.00559389	0.00225555	-0.0151357	0.00374188	0.00750146	0.03263	-0.0117185
HG04080	1	-0.00169182	0.0261823	-0.0150338	-0.0130802	0.018571	0.00101657	-1.80722e-05	-0.00254797	0.0164795	0.0102605
HG04090	2	0.0200332	0.00937736	-0.0168297	-0.0178446	0.0111029	-0.0159523	0.00187367	0.0122977	0.0694514	-0.0615416
HG04093	1	0.0187832	0.00747606	-0.0174069	-0.0217119	0.0179228	-0.0100647	-0.00762135	0.00904736	0.0687092	-0.0770662
HG04094	1	0.0288693	-0.00833787	-0.00449863	-0.0132919	-0.00559194	-0.00729476	0.00841626	-2.28741e-05	0.0180722	-0.014472
HG04096	1	0.0614978	-0.0817591	-0.132491	0.170263	0.0423095	0.0498323	-0.031775	0.0100204	-0.0270974	-0.00911623
HG04098	1	0.022861	-0.00444401	-0.00775532	-0.0122573	0.000229901	-0.00272139	0.0131415	-0.00793583	0.0148563	-0.00887676
HG04099	2	0.0237261	-0.00092349	0.00130151	-0.019517	-0.00238737	-0.0195092	0.0045869	0.00113015	0.0257113	-0.017537
HG04100	1	0.0324581	-0.00631625	0.00171607	-0.0184766	-0.0096442	-0.0106418	0.0166576	-0.0100839	-0.00526548	-0.00814939
HG04106	2	0.0307464	0.00183162	-0.0209601	-0.0318443	-0.00493091	-0.0159628	-0.0314529	0.0213774	0.0873851	0.026028
HG04107	1	0.0298554	0.00330319	-0.0125362	-0.0419707	0.000715462	-0.0318081	-0.0167898	0.0216029	0.0949397	0.0317689
HG04118	2	0.0243567	0.00411961	-0.0159639	-0.0175948	-0.00544911	-0.00609594	0.0100509	0.0150814	0.0507377	-0.0175903
HG04131	1	0.0251069	0.00312435	0.00175314	-0.0032358	-0.00473189	-0.0134783	0.0276878	-0.0416386	-0.05366	-0.0181822
HG04134	1	0.0236838	-0.00108214	0.00454349	0.002588	0.00177945	-0.00821061	0.0435238	-0.0383306	-0.0543184	-0.01374
HG04140	1	0.0398141	-0.00445861	0.0144944	-0.0126669	-0.0099277	-0.0230775	0.0529527	-0.0312353	-0.0733143	-0.00800128
HG04141	2	0.0224135	0.00286758	0.0030079	-0.00761903	-0.0082274	-0.0203162	0.0562914	-0.0405771	-0.0653423	0.0103669
HG04144	2	0.00524952	0.0124038	0.00632406	4.41905e-05	-0.000844382	-0.00736645	0.0283002	-0.0231456	-0.029048	-0.00900876
HG04146	1	0.0228912	-0.000695195	0.0101244	-0.00422297	-0.013361	-0.0197911	0.0389963	-0.0290162	-0.0672849	0.00952354
HG04152	1	0.025144	-0.00526428	0.012086	-0.0104132	-0.00699407	-0.0221531	0.0450302	-0.041874	-0.0647791	-0.00696773
HG04153	2	0.024322	0.00729988	0.00844765	-0.0175272	-0.0105071	-0.00957814	0.0447686	-0.0322231	-0.0665162	0.0121177
HG04155	1	0.0301671	0.00207363	0.00599474	-0.0133966	-0.0116866	-0.0223444	0.0406152	-0.0443854	-0.0637894	0.021581
HG04156	2	0.0172221	-0.00462048	0.00911563	-0.0184125	-0.000901411	-0.011789	0.0348308	-0.0330652	-0.067829	-0.00954395
HG04158	1	0.0202186	-0.00157581	0.0107669	-0.0122838	-0.00667091	-0.0173203	0.0492653	-0.0365775	-0.073829	-0.00860472
HG04159	2	0.0238754	-0.000127556	0.0072863	-0.0137198	-0.00289913	-0.00776218	0.0302152	-0.0382708	-0.0630064	0.0146205
HG04161	1	0.0359902	-0.00238258	0.0198991	-0.0124329	-0.0170856	-0.0164836	0.0698953	-0.0645339	-0.0920472	0.0313511
HG04162	2	0.035376	0.000689136	0.016621	-0.0139164	-0.0155177	-0.0206787	0.0774151	-0.0636639	-0.0891537	0.0174659
HG04164	1	0.0142718	-4.49211e-05	0.0112753	-0.00938068	-0.0139139	-0.021052	0.041166	-0.0417766	-0.061096	-0.00281418
HG04171	2	0.0301133	-0.00166708	0.0111269	-0.00132158	-0.00615601	-0.0179299	0.0485124	-0.0360569	-0.0587496	-0.0085141
HG04173	1	0.0284183	-0.00327593	0.0108058	-0.0101414	-0.00279831	-0.0266189	0.0465712	-0.0283579	-0.0443064	0.0147787
HG04176	1	0.0291041	-0.00202345	0.0129795	-0.0113258	-0.000516879	-0.0154528	0.0349948	-0.0345652	-0.0651182	-0.00424627
HG04177	2	0.0255221	0.00859596	0.012175	-0.00104932	-0.00362021	-0.0111689	0.0382458	-0.0378702	-0.0637259	0.00580176
HG04180	2	0.0222591	-0.00161602	0.0114969	-0.00638968	-0.000547169	-0.0187074	0.0355462	-0.0304041	-0.0559218	0.00139339
HG04182	1	0.0290533	-0.00937396	0.00670067	-0.00889142	-0.00306847	-0.00995117	0.0374166	-0.0366321	-0.0538184	0.00368782
HG04183	2	0.0200758	0.00492027	-0.00566218	-0.00736597	-0.00100604	-0.0216611	0.0523662	-0.0421883	-0.0742663	0.000280676
HG04185	1	0.0353291	-0.0201623	0.0100009	-0.00867926	-0.0123383	-0.0135896	0.0284445	-0.0176559	-0.0279308	0.00966571
HG04186	2	0.0351743	-0.0280256	0.00486455	-0.00960168	-0.0197702	-0.0125766	0.0323543	-0.0135068	-0.0234436	0.00714508
HG04188	1	0.0260507	-0.00228186	0.0110357	-0.00489269	-0.00736887	-0.0112278	0.0458018	-0.0396272	-0.0543362	-0.00368817
HG04189	2	0.0282675	-0.000921481	0.0192059	-0.00948951	-0.00413476	-0.0138133	0.0453107	-0.0389057	-0.05567	0.00177043
HG04194	1	0.0205527	0.00100742	0.0122688	-0.00499336	-0.0091045	-0.0201602	0.0462396	-0.0315798	-0.0568644	-0.0201976
HG04195	2	0.027352	-0.00435994	0.00653442	-0.00939602	-0.00973234	-0.0110072	0.0501104	-0.0348524	-0.0628567	-0.00981645
HG04198	1	0.014752	0.00781475	-0.0173911	-0.0245998	0.01356	-0.0136427	-0.0104396	0.0179408	0.066052	-0.0533295
HG04200	2	0.0103894	0.0138943	-0.0156315	-0.0284771	0.00612276	-0.0088687	-0.00735699	0.0157899	0.0620301	-0.062656
HG04202	2	0.0285719	-0.0023996	-0.00578386	-0.0206146	0.00809359	-0.00965554	0.0165454	0.0129316	0.0169825	-0.000858268
HG04206	1	0.0109333	0.012563	-0.0163732	-0.0233132	0.00983141	-0.0118338	-0.0132717	0.00832536	0.0528962	-0.0302378
HG04209	2	0.0247764	0.00144539	-0.0123227	-0.0135471	0.000373919	-0.00609694	0.000165626	0.0102163	0.0489835	-0.0196271
HG04210	1	0.0349229	-0.013321	-0.00378609	-0.025762	0.00677625	-0.0122224	-0.00501594	0.021584	0.0277054	-0.0118121
HG04211	1	0.0142099	0.0115915	-0.0338791	-0.019404	0.0194498	-0.00475172	-0.0183109	0.017486	0.0955582	-0.175571
HG04212	2	0.0111175	0.00907702	-0.0221991	-0.0274175	0.0152887	-0.0127587	-0.00596129	0.0197023	0.0763535	-0.0662749
HG04214	2	0.00706367	0.019986	-0.0218768	-0.0197849	0.0128839	-0.0143918	-0.00737541	0.0275816	0.0666524	-0.036241
HG04216	2	0.0179441	0.00209642	0.00342003	-0.0149854	0.000486406	-0.00618664	0.00887957	-0.00405433	0.0139978	-0.0205496
HG04219	1	0.0139893	-0.00031657	-0.0110734	-0.0160212	0.00971647	-0.00807925	-0.0109194	0.0121047	0.0395077	-0.0201593
HG04222	1	0.0257184	-0.00305669	-0.00403553	-0.0107396	-0.00340389	-0.0152253	0.00295714	-0.0100427	0.0176208	-0.0174212
HG04225	1	0.0133331	0.0102051	-0.0248585	-0.0177294	0.0205846	-0.00995841	-0.00703831	0.0181546	0.0619501	-0.0274598
HG04227	2	0.0428855	-0.0101715	0.00312767	-0.0182853	-0.0178458	-0.0160071	0.0132953	-0.00742792	0.00665145	0.0294346
HG04229	1	0.0324383	-0.00514461	-0.000379485	-0.0232632	-0.00139305	-0.0225023	0.000714294	0.00931408	0.0202429	-0.000122885
HG04235	1	0.016056	-0.0019135	-0.00481538	-0.0155192	0.00800717	-0.0159489	0.0104567	0.0026455	0.0178209	0.00149966
HG04238	1	0.0246532	-0.0104695	-0.00678142	-0.00980961	0.000925075	-0.00568672	-0.00163414	-0.00598233	0.0259091	-0.0225288
HG04239	1	0.0357048	-0.00445953	-0.00905596	-0.0234678	0.00052047	-0.0128746	-0.00185065	0.00946869	0.0423222	-0.00903843
NA20845	1	-0.0261058	0.0269683	-0.0194865	0.00133547	-0.00138773	0.00321052	-0.00311597	-0.00291666	-0.0146711	-0.0135787
NA20846	1	-0.0512692	0.0226256	-0.0102287	0.00370922	0.0291965	0.0100698	0.0125323	-0.00660281	-0.00816156	-0.0371504
NA20847	2	-0.0808754	-0.0854953	0.0293626	-0.00490903	-0.0118006	0.00283249	-0.0173977	0.0107602	0.00110049	0.00293198
NA20849	2	-0.0697649	-0.0782543	0.0213735	-0.0104876	-0.000816307	-0.000794619	-0.00583439	0.000279464	-0.00761765	-0.0134438
NA20850	1	-0.0584253	0.0543549	-0.0154811	0.0105517	0.0456893	-0.00887157	0.0134129	-0.00154089	-0.0214566	-0.00439779
NA20851	2	-0.0777843	-0.0727161	0.026224	0.00100776	-0.0111305	0.00384855	-0.00396003	0.00589637	0.0069059	-0.000843122
NA20852	1	-0.0397692	0.0257825	-0.0084782	0.00653544	0.0212316	-0.00327599	-0.000659632	-0.0202972	-0.00509548	-0.0220659
NA20853	2	-0.0683866	-0.0777042	0.0182537	-0.0103918	-0.00997714	0.00104791	-0.0022453	-0.000127853	-0.0027118	0.00439534
NA20854	2	-0.0361789	0.0325456	-0.016784	-0.00240709	0.0139754	-0.00132705	0.00607365	-0.0103684	-0.00958747	-0.0109994
NA20856	2	-0.0768365	-0.0724794	0.0232796	-0.00182755	-0.00769593	0.0051886	-0.00258282	0.00342391	-0.00156228	0.00116341
NA20858	1	-0.0784438	0.0777936	-0.0367261	0.00256216	0.0520199	0.00884327	-0.00680867	0.00319139	-0.0178071	-0.00872441
NA20859	2	-0.0787858	-0.081821	0.0192169	-0.0112599	-0.0113209	0.0114147	-0.0103226	0.00562126	-0.00560901	0.00718823
NA20861	1	-0.0678549	-0.0815689	0.0224175	-0.00463472	-0.0201049	0.00384435	-0.00491149	0.000616877	0.0152697	0.00637753
NA20862	2	-0.0588303	0.0588586	-0.0174249	0.00588882	0.0511351	0.00863323	0.00580671	-0.000359956	-0.0089294	-0.00963944
NA20863	1	-0.075255	-0.0779156	0.020518	0.001821	-0.00833315	0.00465906	-0.00644151	0.00344413	-0.00109615	-0.0141482
NA20864	1	-0.0527995	0.0817418	-0.0755767	0.0286946	-0.142176	0.0160777	-0.00889261	-0.00174197	-0.00552193	-0.00508809
NA20866	1	-0.0389947	0.0208712	-0.00860793	-0.00517036	0.0202723	-0.00315828	0.00166401	-0.000339769	-0.0114217	-0.0201624
NA20867	1	-0.0682897	-0.0792886	0.0223383	-0.00633758	-0.0134859	0.00503979	4.07846e-05	0.0135828	0.0206822	-0.0101884
NA20868	2	-0.0697772	-0.0826124	0.0233798	-0.00734306	-0.017722	-0.00238217	-0.0101491	0.00409518	0.00758297	-0.00515888
NA20869	2	-0.0769306	-0.0870117	0.0197853	-0.0030444	-0.0195054	0.00484239	0.0062125	0.0013008	-0.00180429	0.0173988
NA20870	1	-0.0763727	0.0823597	-0.0330537	0.0184089	0.0538735	0.00990319	0.00499086	-0.00772079	-0.0153123	-0.00190949
NA20872	2	-0.0642374	0.0628974	-0.0264787	0.0136744	0.0393608	0.00941501	0.00409554	-0.00290173	0.00689575	-0.0341358
NA20874	2	-0.0249554	0.0337295	-0.0151602	0.000484052	0.0229131	0.00224029	0.0132627	-0.00833199	-0.00586633	-0.000120949
NA20875	2	-0.0692595	-0.0817717	0.0180214	-0.00923338	-0.0198765	0.00664143	-0.00588459	-0.00304229	0.0112508	-0.0101688
NA20876	2	-0.0760784	-0.0679597	0.0252489	-0.00959574	-0.00613674	-0.000229967	-0.00904087	0.012728	0.0178124	-0.00659916
NA20877	2	-0.079852	-0.0836206	0.0321419	-0.012727	-0.021097	0.0141002	-0.00699692	0.0115184	-0.00175759	0.00751263
NA20878	2	-0.0754261	-0.0753156	0.019165	-0.00823129	-0.0169515	-0.000511182	0.00071124	0.00352806	-0.00197917	-0.0130179
NA20881	2	-0.0434594	0.0600728	-0.0316438	0.00724437	0.00703955	0.00463232	-0.00103507	-0.00165249	-0.00708549	-0.0253574
NA20882	2	-0.0772131	0.122941	-0.158459	0.0417282	-0.426981	0.0281959	-0.00938417	-0.00665286	0.00806819	0.00384904
NA20884	1	-0.0560135	-0.0858957	0.0284354	-0.0128553	-0.0140154	0.00425024	-0.00701286	0.0141315	0.00131513	0.0191227
NA20885	1	-0.0421016	0.0518135	-0.0284571	0.00794056	-0.00376536	0.0094685	0.00328905	-0.00912026	-0.0126886	-0.0229041
NA20886	2	-0.0483755	0.0508128	-0.0140907	0.00939741	0.0335797	-0.00763022	0.0047949	-0.0180749	-0.0134074	0.00964463
NA20887	1	-0.0187065	0.0190752	-0.00344653	0.0101267	0.0204693	-0.00204647	0.00946255	-0.00997379	-0.00648373	-0.02027
NA20888	2	-0.0716586	-0.0800787	0.0207941	-0.00076747	-0.0201362	-0.00154604	-9.86642e-05	-0.00782011	-0.00207143	0.0152076
NA20889	1	-0.078622	-0.0713542	0.0160537	0.000543973	-0.017003	0.00589881	-0.00943999	0.00591641	0.0145221	-0.00414248
NA20890	1	-0.0416901	0.0564532	-0.0197103	0.00555441	0.00181401	0.00986147	-0.00960912	-0.0021639	-0.00478834	-0.00409537
NA20891	1	-0.0819874	0.127743	-0.166797	0.0484949	-0.439289	0.0412363	-0.00781518	-0.000241759	-0.00751949	0.0106576
NA20892	2	-0.069215	-0.0769066	0.0142751	-0.00874752	-0.00687795	0.0105072	-0.00398229	0.00604692	-0.0112571	-0.019549
NA20894	2	-0.0396899	0.0330171	-0.0181302	0.00210076	0.0129884	-0.00711723	0.00256294	-0.00569373	-1.78492e-05	-0.0106825
NA20895	1	-0.0362885	0.0217208	-0.0050145	0.00123972	0.0236184	0.00431264	0.00211009	0.00314654	0.000366743	0.00874656
NA20896	2	-0.0640375	-0.0916721	0.022205	-0.00331257	-0.0151644	-0.00113097	0.00574922	-5.06758e-05	-0.00593921	0.0147362
NA20897	1	0.0251639	-0.00421002	0.00281079	-0.0124728	-0.0140561	-0.00901243	0.00877319	-0.00987813	-0.000595628	-0.00640107
NA20899	2	-0.0709222	-0.0776177	0.0225046	-0.00248864	-0.00943082	-0.00141518	-0.00363544	0.00976225	0.00779375	0.00817744
NA20900	2	-0.101187	0.162206	-0.22101	0.0606206	-0.611182	0.0477376	-0.0161362	-0.00443185	0.00127425	0.0121921
NA20901	1	-0.0220041	0.0208676	-0.0159983	0.00144899	0.0186804	-0.0057564	0.00904582	-0.00924915	0.000550139	-0.0138202
NA20902	2	-0.0776535	-0.0896456	0.0276436	-0.0056963	-0.0222308	0.000595575	-0.0157025	0.0114516	0.0111982	0.0119398
NA20903	1	-0.0360111	0.0194474	-0.016337	0.00304913	0.0174635	0.00460923	-0.00138237	0.000993973	0.00203586	-0.00337916
NA20904	1	-0.061971	0.0649009	-0.0197278	0.012846	0.0425007	0.0120299	-0.000861152	-0.000346731	-0.0193066	-0.0107945
NA20905	1	-0.0187304	0.0114997	-0.0138877	0.00264089	0.000433102	-0.00588964	0.00292165	-0.00396653	0.00388097	-0.0116301
NA20906	2	0.0245218	-0.00187078	-0.0050053	-0.0118609	-0.00758486	-0.00493162	0.00784068	-0.00757148	-0.00077054	-0.0108684
NA20908	2	0.01797	0.00147706	-0.00234865	-0.0079045	0.00564653	-0.00129099	0.0149083	-0.00486731	0.00456103	-0.00763154
NA20910	2	-0.0583487	0.0631843	-0.0185279	0.00817816	0.0423345	0.00475866	0.0130193	-0.00218292	-0.00717603	0.00162775
NA20911	1	-0.0696813	-0.0692534	0.0181684	-0.00911219	-0.00633494	-0.00665329	-0.010602	-0.0040179	0.0019277	0.00178784
NA21086	2	-0.0571245	-0.0669364	0.0220204	-0.0119945	-0.017437	0.00964092	-0.0136669	0.00386698	0.00992551	-0.00176875
NA21087	1	-0.0607748	-0.066142	0.0196813	-0.00768087	-0.0105927	0.00725797	-0.00481647	0.00529518	0.00749656	0.00255721
NA21088	2	-0.0691929	-0.0688533	0.016187	-0.00583831	-0.00266687	0.004677	-0.00732868	0.00803041	0.00722367	-0.0137499
NA21089	2	-0.0812405	-0.0846141	0.0235939	-0.00940391	-0.0116649	0.0038862	-0.0106743	0.0188016	-0.00736881	0.0171271
NA21090	1	-0.0666239	-0.0852666	0.0294251	-0.00843506	-0.0122884	0.00332169	-0.0125485	0.0174864	0.00264044	0.0210664
NA21091	1	-0.0683153	-0.0750942	0.0234858	-0.0090621	-0.0125288	-0.00261765	-0.00862695	-0.00451764	0.00227623	0.00174081
NA21092	1	-0.0199401	0.0148678	-0.00618274	-0.000817948	0.020773	0.00949812	0.010458	-0.00292837	-0.00383533	-0.00894599
NA21093	1	-0.0738446	-0.0946015	0.023188	-0.00163543	-0.0231416	0.00538826	-0.0118474	0.014644	0.0156309	0.0217911
NA21094	1	-0.081627	-0.086005	0.0198614	-0.00837494	-0.014571	-0.00389447	-0.00783635	0.00286937	0.00212225	0.00831951
NA21095	1	-0.00676752	0.00201454	-0.013086	0.00393238	0.0235185	-0.0108901	0.00454338	-0.0255153	-0.0137156	-0.00778969
NA21097	2	-0.0218637	0.0135058	-0.0134981	-0.0032898	0.0168073	-0.00928598	0.00795129	-0.0135431	-0.0151735	-0.00576136
NA21098	1	-0.0778364	-0.0845129	0.0222068	-0.00461869	-0.0201885	-0.00189438	-0.00387927	-0.000643551	0.00719302	0.00466367
NA21099	1	-0.0827538	-0.072409	0.0208081	-0.00571791	-0.00818228	0.00679784	-0.00390976	0.00397681	-0.00117912	0.0133252
NA21100	1	-0.0800698	-0.0909054	0.0219089	-0.00705938	-0.0168991	0.00950435	-0.0143796	-0.00433119	-0.0070444	0.00530652
NA21101	2	-0.0582163	-0.0542536	0.0149907	-0.000149868	-0.00123443	0.00472973	-0.0119003	0.00438471	0.000313799	-0.00315067
NA21102	2	-0.0705797	-0.0844431	0.0224642	-0.00832137	-0.0151526	0.00681225	-0.0155677	0.00165647	0.00560652	0.0138179
NA21103	2	-0.0763544	-0.0831044	0.0264009	-0.00243919	-0.0136754	0.00483924	-0.00199169	0.00662985	0.00256344	0.00344419
NA21104	1	-0.0704033	-0.0812157	0.0206681	-0.000746089	-0.0188753	-0.00147591	-0.00831077	0.0146118	0.00312099	0.0185415
NA21105	1	-0.0593557	-0.0432093	0.0152542	-0.00675699	-0.00927766	0.00908882	-0.00742833	-0.00659387	-0.00192216	-0.0036815
NA21106	2	-0.0702483	-0.0831103	0.0231429	-0.000867436	-0.0179495	0.00383492	-0.00272532	0.000736061	0.0134758	-0.00673199
NA21107	1	-0.0820244	-0.0712846	0.0188657	-0.00434675	-0.0136289	0.00703291	-0.0174897	0.0056972	-0.00190729	-0.00546099
NA21108	2	-0.0613113	0.0456758	-0.0234115	0.0114369	0.0396796	-0.00385232	0.00519261	0.00216886	-0.0187759	-0.00661208
NA21109	1	-0.092701	-0.103154	0.0236974	-0.00560825	-0.0138679	0.000876889	-0.0180274	0.0209785	0.00895365	-0.0208775
NA21110	2	-0.072736	-0.0838297	0.0207274	-0.0103885	-0.0195867	0.00148721	-0.0071691	0.00761711	0.000376327	0.024653
NA21111	1	-0.0657844	-0.0675552	0.0188877	-0.00635206	-0.0138388	-1.3504e-05	-0.013744	0.00347473	-0.00334174	-0.000668027
NA21112	1	-0.066011	-0.0765212	0.0255277	-0.00504791	-0.0106515	-0.00532925	-0.00840687	0.00548981	-0.00269141	0.00382064
NA21113	1	-0.0766528	-0.0827657	0.0247529	-0.00267203	-0.0216409	-0.000191895	-0.0148641	0.00562121	0.0165145	0.0058234
NA21114	1	-0.0695172	-0.0686066	0.0215359	-0.00240552	-0.00760088	-0.00194812	0.00222653	-0.00458392	0.00628398	0.00566262
NA21115	1	-0.0756599	-0.082273	0.0282323	0.00125271	-0.0170871	-0.00509105	-0.00169469	0.00379447	-0.00734209	0.00883754
NA21116	1	-0.0214366	0.00656463	-0.00747912	0.00232656	0.0189155	0.00251146	0.0108296	-0.0136683	-0.0213793	-0.00810166
NA21117	1	-0.07137	-0.0626222	0.0213398	0.000708499	-0.00344258	0.00094442	-0.00666518	0.000165337	-0.00241529	-0.0133305
NA21118	1	-0.0755919	-0.0830063	0.0308968	-0.00472514	-0.0172648	0.00407242	-0.00898964	0.000400147	-0.00511747	-0.00362887
NA21119	1	-0.0801385	-0.0896302	0.0327641	-0.00321839	-0.0225337	0.0115873	-0.0100968	0.0113778	0.00299958	0.00185107
NA21120	2	-0.027834	0.0314256	-0.0165721	-0.0024198	0.014454	-0.00324759	0.00831463	-0.00580117	0.00259731	0.00507092
NA21122	2	-0.0774916	-0.0847417	0.0160598	-0.00221379	-0.0157901	0.0057282	-0.00559636	0.000282157	0.000135117	0.0132144
NA21123	1	-0.0733935	-0.0722465	0.0264588	-0.00624852	-0.0127143	0.00650773	-0.0118837	0.013901	0.00410581	-0.0214791
NA21124	1	-0.0745685	-0.0803957	0.0272841	-0.00568904	-0.0142428	0.00245473	-0.00862873	0.0105646	0.00929446	0.00375401
NA21125	2	-0.0749312	-0.0858886	0.0236775	-0.00592434	-0.0174532	-0.000548575	-0.00281053	0.00507325	0.00952629	0.00594746
NA21126	1	-0.0719793	-0.0814295	0.035654	-0.00836552	-0.0125237	0.00137983	-0.0119699	0.00763353	0.00294465	0.0372584
NA21127	1	-0.0765788	-0.0788327	0.0269361	-0.00201779	-0.0196346	0.00618118	0.00220294	0.00551808	0.0100212	-0.0117149
NA21128	1	-0.0765303	-0.0789864	0.0197349	0.00506872	-0.0165125	0.0137085	0.00258948	-0.00512206	0.00408235	0.00490571
NA21129	1	-0.071899	-0.0901389	0.0257753	-0.00559008	-0.0115437	0.003651	-4.22483e-05	0.0110497	-0.00532355	0.016627
NA21130	1	-0.0775617	-0.0692288	0.0186285	-0.00069157	-0.00726727	-0.0030253	-0.00531153	0.014477	-0.00869185	-0.0148813
NA21133	1	-0.0704164	-0.0853047	0.023913	-0.00166999	-0.00428566	0.00486196	-0.00794039	0.00797904	0.0123785	0.00223188
NA21135	1	-0.0922959	-0.111796	0.0258189	-0.00761811	-0.0176616	-0.000511088	-0.0219825	0.0160761	0.007556	-0.0318312
NA21137	2	-0.0727653	-0.0715027	0.0250857	-0.00485662	-0.0224893	0.00504552	-0.00375148	-0.00220495	-0.00116138	0.000742005
NA21141	2	-0.0734732	-0.0870285	0.0235033	0.00170805	-0.0118285	0.00237624	0.00329789	0.00146388	0.00766511	0.00823974
NA21142	2	-0.079087	-0.0867603	0.0249244	-0.00812875	-0.0136467	0.00638216	-0.0102543	0.00313078	0.00487653	0.0140646
NA21143	2	-0.0702641	-0.0921138	0.0144084	-0.0105405	-0.0166959	-0.00115033	-0.00160014	-0.00492797	-0.0123989	0.0246847
NA21144	2	-0.0827931	-0.0858829	0.0277451	-0.0120089	-0.0142586	0.000849467	-0.00754499	0.00760408	0.00683271	-0.00584208
